0	917.436403
5.38E-05	917.439626
1.05E-04	917.4424485
1.71E-04	917.4456889
1.82E-04	917.4461963
1.86E-04	917.4465433
1.95E-04	917.4474005
1.97E-04	917.4476113
2.48E-04	917.4533286
3.21E-04	917.4639245
3.29E-04	917.4651153
3.75E-04	917.4734159
4.49E-04	917.4892693
4.52E-04	917.4896468
4.62E-04	917.4912098
4.74E-04	917.4931521
5.82E-04	917.5098843
6.78E-04	917.524996
6.99E-04	917.5283867
7.20E-04	917.5316413
7.53E-04	917.5371528
8.07E-04	917.5463776
8.27E-04	917.5500764
8.97E-04	917.5629322
9.13E-04	917.565931
9.55E-04	917.5741614
0.001036270062	917.5909522
0.001072493558	917.5987458
0.001097483155	917.6042432
0.001112232451	917.6066199
0.00111612037	917.6072443
0.001197331175	917.6200885
0.00120224395	917.6208533
0.001313223719	917.6377616
0.001331860934	917.6405317
0.001424203487	917.6539623
0.001461477918	917.6592448
0.00153762857	917.6694787
0.001557541092	917.6723405
0.001563025933	917.6731423
0.001573174895	917.6753927
0.001636756701	917.6894448
0.001676527679	917.6963283
0.001700118763	917.7002012
0.001774263783	917.7113538
0.001798226344	917.7146274
0.001879041743	917.7379106
0.001924132055	917.7512275
0.001975632042	917.760262
0.002018536453	917.7682104
0.002048665077	917.7740211
0.002071878508	917.7810803
0.002098489289	917.7894452
0.002152198316	917.8072155
0.002204652673	917.825716
0.002225666139	917.8309191
0.002246679605	917.8361079
0.00228415174	917.8453256
0.002358982219	917.8635971
0.002441406703	917.8835137
0.002471284833	917.8906791
0.002505139159	917.8987633
0.002574722783	917.9152631
0.00260815452	917.9258844
0.002616248526	917.9284675
0.002626358531	917.9317003
0.002662252722	917.9432349
0.002694390911	917.953638
0.002724892905	917.9635774
0.00276151164	917.9755949
0.002831151711	917.9929304
0.002875541616	918.0039573
0.002924644225	918.0161341
0.002977252204	918.0291558
0.003018136738	918.0392582
0.003123352696	918.0651869
0.003140384789	918.0693747
0.003192992768	918.082293
0.003262632839	918.0993551
0.003303782403	918.1066513
0.003358251838	918.1171949
0.003362225488	918.1180036
0.003377780519	918.1240755
0.003500270084	918.1710617
0.003506656821	918.1734714
0.003514173328	918.1763021
0.003529158113	918.1819289
0.00353691199	918.1841647
0.003538696164	918.184679
0.003587808306	918.1954969
0.003702133725	918.2207409
0.003761916494	918.2339758
0.003862633419	918.256326
0.003870393397	918.2580508
0.003873131212	918.2586595
0.003876293923	918.2593626
0.003884868488	918.2612693
0.004022331569	918.291902
0.0040441287	918.2967708
0.004071464263	918.3028811
0.004085812384	918.3060903
0.004220021401	918.3422376
0.004226357782	918.3439696
0.004248962341	918.3501672
0.004340487685	918.3781605
0.004343135546	918.3789698
0.004349785552	918.3810021
0.004405609732	918.3980538
0.004407172043	918.3985308
0.004413929219	918.4005938
0.004505454563	918.4285146
0.004510052279	918.4297209
0.004522637754	918.4330208
0.004601500012	918.453622
0.00468036227	918.4740922
0.004701936358	918.4811992
0.004713676524	918.485067
0.004799998762	918.5135126
0.004803189109	918.5145641
0.004815923136	918.5187614
0.004830000114	918.5234017
0.004833780505	918.5246479
0.00488969252	918.5430819
0.004929909914	918.5563446
0.005003814622	918.5807233
0.005015633663	918.5846228
0.005019594067	918.584809
0.00502717583	918.5852008
0.005052828089	918.5868701
0.005070943511	918.5883689
0.005087140095	918.594706
0.005099861599	918.5996818
0.005183310868	918.6198867
0.005306059158	918.6480772
0.005310240898	918.6490055
0.005320534269	918.6512815
0.005367888773	918.6615874
0.005370380187	918.6620439
0.00537476286	918.6628459
0.005375741571	918.6632009
0.005376373792	918.6634302
0.005538217856	918.7142327
0.005590825835	918.7299105
0.005700061919	918.7611547
0.005701131493	918.7614518
0.005753958419	918.7759191
0.005805277877	918.7895775
0.005805776703	918.7897084
0.005806566398	918.7899155
0.005807074048	918.7900485
0.00580785492	918.7902531
0.005969698983	918.83071
0.005987367327	918.8354826
0.006016474779	918.8433681
0.006089208418	918.8631979
0.006089954399	918.8634022
0.006161522292	918.8830909
0.006208298089	918.8960529
0.006365896642	918.9315781
0.00636808907	918.9320618
0.006371430673	918.9327984
0.006374917593	918.9335664
0.006376964705	918.9340169
0.006424038652	918.9443076
0.006427402862	918.9450379
0.006482180663	918.9568342
0.006587171237	918.97894
0.006639779216	918.9897677
0.00679737777	919.02121
0.006800605221	919.0216328
0.006802673601	919.0219044
0.006803823908	919.0218808
0.006805681846	919.0218424
0.006848314113	919.0322494
0.006858487622	919.0347359
0.006860376678	919.0351977
0.006918984861	919.0495458
0.006929555929	919.0519921
0.007029477851	919.0751335
0.007034344413	919.0762613
0.007034818859	919.0763713
0.007085460249	919.0881126
0.007090293844	919.0892416
0.007093051879	919.0898858
0.007181303436	919.1048216
0.007299504792	919.1260046
0.007410904651	919.1472037
0.007416017856	919.1482055
0.007424112158	919.1497965
0.00757527857	919.1806725
0.007594142653	919.1846804
0.007786233551	919.225067
0.00779243703	919.2263818
0.007795125657	919.2269519
0.007837215064	919.2389418
0.007851192037	919.242972
0.007851811346	919.2431512
0.007897296932	919.2564387
0.00791600436	919.2619782
0.007933144813	919.267092
0.007953982621	919.273358
0.00805002807	919.2908654
0.008161966494	919.3098087
0.008169723185	919.3110631
0.008177479875	919.3123099
0.00821912842	919.3188755
0.008265768634	919.3259696
0.008294505276	919.3302046
0.008354057392	919.3386509
0.008378965253	919.3422674
0.008401509917	919.3456573
0.008501856836	919.3620894
0.008531663686	919.367393
0.008550065524	919.3707639
0.0085711939	919.3747252
0.00858315625	919.3756064
0.008632697159	919.3789367
0.008637600409	919.3792383
0.008661708775	919.3806484
0.00867982175	919.3816278
0.008715050225	919.3910586
0.008736375908	919.396759
0.008783153315	919.4092397
0.00879479091	919.4123399
0.008818228559	919.4185776
0.008843345081	919.4252534
0.008855993142	919.4285179
0.008876790869	919.4339101
0.008898513257	919.4396976
0.008926325631	919.4472678
0.009006756464	919.4622102
0.009035995567	919.46751
0.009089180948	919.4769693
0.009161690112	919.4894896
0.009192957791	919.4947548
0.009222497028	919.4996549
0.009252036264	919.504483
0.009268275703	919.5071066
0.009304921511	919.5129471
0.009335698002	919.5177666
0.009357806759	919.5211805
0.009438237591	919.53326
0.009528226393	919.5488542
0.00958689184	919.5578927
0.009591978928	919.5586345
0.009647606176	919.5663097
0.009663812344	919.5683952
0.009763766051	919.5797568
0.009816218615	919.5867741
0.009849491591	919.5909895
0.0098598115	919.5922597
0.009874104628	919.5939898
0.009903404385	919.5974308
0.009979506615	919.6057044
0.009991988585	919.6069699
0.01007555206	919.614778
0.01011505067	919.6180664
0.01014279461	919.6202219
0.01019524718	919.6239489
0.01024769974	919.6272206
0.01025553464	919.6286672
0.01029129263	919.6351854
0.01030061327	919.6324047
0.01031719893	919.6276579
0.01040229745	919.642243
0.01041848691	919.6449554
0.0104733841	919.6540049
0.01057903418	919.6621024
0.01058759786	919.6626935
0.01061917252	919.6647883
0.01064241053	919.6688517
0.0106505981	919.6702839
0.01066015788	919.6719471
0.01068058495	919.6756547
0.0108036949	919.6849462
0.01085630288	919.688619
0.01096777191	919.695812
0.01100685012	919.6981443
0.01101943546	919.6988744
0.01103202081	919.6995944
0.01106061588	919.7011923
0.01107204344	919.7018162
0.01108589986	919.7025613
0.01111206608	919.7039348
0.01123517603	919.7098048
0.01124744081	919.7093311
0.01127708683	919.7084835
0.01133198157	919.7080244
0.0113590454	919.7083289
0.01137267395	919.7086149
0.01138759494	919.7090299
0.01141452152	919.7100486
0.01144895924	919.711857
0.011538385	919.7154438
0.01154088391	919.7155142
0.01154500469	919.7156266
0.01161060853	919.7168217
0.0116646998	919.7169647
0.01170360307	919.7165969
0.01173297481	919.7160583
0.01176839017	919.7140414
0.01182067709	919.7112611
0.01186292861	919.7091863
0.01195397556	919.7052379
0.01204352192	919.7020506
0.01205042768	919.703612
0.01212137387	919.7183432
0.01214075311	919.7219519
0.01217992791	919.7215162
0.01224987535	919.7206761
0.01227024665	919.7171299
0.01227487859	919.7162923
0.01228652833	919.7141343
0.01228820155	919.7138183
0.01233533261	919.7042955
0.01234009895	919.7032656
0.01234486529	919.7022234
0.01241559493	919.7024296
0.01252735224	919.703097
0.01253558214	919.7031627
0.012558137	919.7033544
0.01258374469	919.7032025
0.01259848624	919.7030351
0.01263521666	919.7023639
0.01277527805	919.6964765
0.01278546108	919.6958428
0.01279710523	919.6945794
0.01283203768	919.6907675
0.01288026422	919.685452
0.01288778262	919.6846178
0.01295643829	919.6769307
0.01299790516	919.6722274
0.01304634731	919.6666754
0.01305549525	919.6656199
0.01311577135	919.6586103
0.01320603911	919.6505018
0.01322692738	919.6484543
0.01325646572	919.6454491
0.01331853387	919.6387151
0.01338522523	919.6308464
0.01340802378	919.6267197
0.0134299202	919.6228264
0.01346187739	919.6172677
0.01351428044	919.6084696
0.01351680704	919.6080554
0.01353702799	919.6047731
0.01356958246	919.599612
0.0135760984	919.5985972
0.01360230755	919.594577
0.01360409663	919.5943062
0.0136759793	919.5883187
0.01368461872	919.5875369
0.01370692173	919.5849845
0.01374441792	919.580468
0.01377383893	919.5767261
0.01385034557	919.5661808
0.01385256946	919.5658567
0.01389443226	919.5613671
0.01394482799	919.5557558
0.01397978898	919.5517304
0.01401904487	919.5470809
0.01411189165	919.535539
0.01415955943	919.5296421
0.01426269726	919.5174681
0.01427640652	919.5160439
0.0142980387	919.5137718
0.0143772077	919.5051955
0.01439419541	919.5033019
0.01448319547	919.4930729
0.01456557616	919.4831435
0.01457385401	919.4821212
0.01459084173	919.4800093
0.01459974515	919.4781951
0.01460372197	919.477382
0.01467110309	919.4633508
0.01467651556	919.4622028
0.01473994068	919.4485189
0.01475282092	919.4456878
0.01480204596	919.4347061
0.0148275384	919.4289179
0.01488261159	919.4153852
0.01491924259	919.4065516
0.01494658092	919.4000461
0.01496299355	919.3961763
0.01501649116	919.3834741
0.01506236968	919.3725292
0.0150830958	919.367569
0.01508727481	919.3665677
0.0151509218	919.3512685
0.01518870152	919.3447216
0.01520056062	919.3426563
0.01522200477	919.3389093
0.01525074431	919.3338626
0.01528103525	919.3285126
0.01534030635	919.3152962
0.01535952375	919.3110165
0.01536873307	919.3089666
0.01545555076	919.2896719
0.01552495836	919.2742859
0.01553786203	919.2714294
0.01554346209	919.27019
0.01563006627	919.2510527
0.01571111451	919.2331926
0.0157162003	919.2320734
0.01571819112	919.2316354
0.01572087565	919.231088
0.01577831578	919.2191313
0.01583263553	919.2073949
0.01583959388	919.2058613
0.01584179726	919.2053056
0.01586313494	919.1999238
0.01593209252	919.1825332
0.01595253835	919.1773775
0.01603546191	919.1564699
0.01607876869	919.1456505
0.01616726957	919.1238244
0.01617654122	919.1215599
0.01626103965	919.1011151
0.01627887846	919.0968434
0.01636272038	919.0769741
0.01640412536	919.0672881
0.01640618731	919.0668079
0.01647620503	919.0506254
0.01648661738	919.0482393
0.01663170949	919.0155395
0.01668236467	919.0024745
0.01670750757	918.9958474
0.01671523718	918.993791
0.01674612855	918.9840172
0.01680932238	918.9666586
0.0168348632	918.9606475
0.01687791693	918.9518239
0.01693698485	918.9423921
0.01695701717	918.9375378
0.01710479512	918.9000066
0.01712029406	918.8958947
0.01717940871	918.8799053
0.01718276552	918.8789827
0.01722820906	918.8663401
0.01736271792	918.8272391
0.01736327486	918.827072
0.01740851388	918.8133534
0.01741539167	918.8094605
0.01742244301	918.8055211
0.01742298967	918.8052179
0.01746881636	918.7809197
0.0175405797	918.7473178
0.01761415377	918.7185049
0.01768519343	918.6973966
0.0177222163	918.6863283
0.01775476668	918.676559
0.01781730901	918.6610897
0.01785127966	918.6533548
0.01788004442	918.6471727
0.01797381051	918.6293598
0.01799494701	918.6227031
0.01802786717	918.612241
0.0180635331	918.6007767
0.01811824859	918.5829276
0.01821613686	918.5502039
0.01823793219	918.5427798
0.01827019351	918.5316982
0.01830881286	918.5182879
0.01836352834	918.4990179
0.01845954313	918.4565395
0.01846117044	918.4558476
0.01849348989	918.4422995
0.01850956894	918.4356965
0.01855184113	918.4187726
0.01858550902	918.4101935
0.01859044239	918.4089423
0.01861864852	918.4018167
0.01862193905	918.4007112
0.01862866384	918.3984484
0.01869502251	918.3758679
0.01870769073	918.3715052
0.01874120916	918.3598819
0.01879554985	918.3407905
0.01881831919	918.3326999
0.01884536323	918.3230206
0.01890738886	918.2880273
0.0189971966	918.2538548
0.01904210368	918.2365796
0.01906545524	918.227547
0.01915269443	918.1935025
0.0192427852	918.1578491
0.019288326	918.1396346
0.01931073811	918.1306234
0.019398	918.0952407
0.01948837379	918.0580978
0.01952414972	918.0469422
0.0195772481	918.0260702
0.01959598891	918.0186197
0.01962693016	918.0062231
0.01967924106	917.9849936
0.01976032978	917.9514116
0.01979796109	917.9355487
0.01981649366	917.9314594
0.01981941419	917.9301911
0.0198380237	917.9220811
0.02000119887	917.8488243
0.02004711713	917.8275151
0.02006572103	917.8187948
0.02006864771	917.8174184
0.02008725108	917.8086405
0.02025041613	917.7295066
0.02029635065	917.7065341
0.0203149484	917.6971463
0.02031788123	917.6956613
0.02033945279	917.6793966
0.02040679809	917.6528023
0.02043232843	917.6424936
0.02050404155	917.608886
0.02052043291	917.601065
0.0205440225	917.5897186
0.02068324349	917.5205671
0.02068520334	917.519567
0.02074066741	917.4956457
0.0207463702	917.4924949
0.02089419637	917.409751
0.02094022055	917.3835682
0.02094387532	917.3814805
0.02098988529	917.35509
0.02099565163	917.3517684
0.0211434912	917.2655364
0.02118951538	917.2382701
0.0211930932	917.2361421
0.02123910317	917.2086686
0.02124493322	917.2051731
0.02139278602	917.1154525
0.02142550747	917.0963056
0.02152780546	917.035793
0.02153434825	917.0318891
0.0215658052	917.0130629
0.02160274662	916.9908351
0.02164602878	916.9647026
0.02168366235	916.9396517
0.02177852886	916.8764423
0.02179120454	916.8679899
0.02181799064	916.8501232
0.02185992326	916.8221396
0.02198788113	916.7378358
0.0220117467	916.72177
0.02207255352	916.6803498
0.02210908142	916.655132
0.02223693101	916.5648837
0.02226110995	916.5474687
0.02232191676	916.5031843
0.02235823959	916.4763979
0.02248597857	916.3802169
0.02251047319	916.3614215
0.02256779203	916.3140889
0.02257792086	916.3057218
0.02260059834	916.2869857
0.02260639514	916.2821957
0.02267528861	916.2247325
0.02271002674	916.195324
0.02277096683	916.1430308
0.02277864201	916.1363812
0.02285743108	916.0723133
0.02292736908	916.0149224
0.02293249985	916.0106929
0.02302794513	915.9315325
0.02310671357	915.8655173
0.02317653707	915.8064799
0.02318149382	915.8022703
0.02327724825	915.7204673
0.02335599605	915.6525059
0.02343754356	915.5858696
0.02344628924	915.5785517
0.02345727711	915.5693107
0.02353491413	915.5006798
0.02361034018	915.4328522
0.0236145547	915.4288595
0.02365526006	915.3896604
0.02366731153	915.3778336
0.02374343792	915.3007892
0.02374481697	915.2993563
0.02375471555	915.2890324
0.02375584295	915.2878522
0.02376319361	915.2801358
0.02377319742	915.2709322
0.02386932542	915.1825531
0.02396490165	915.0947893
0.02397484803	915.0856621
0.02399301192	915.0689973
0.02399489984	915.0671214
0.02401311029	915.0490079
0.02403146372	915.0307166
0.02422412979	914.8365499
0.02424235168	914.8179826
0.02424408313	914.8162165
0.02425598408	914.804487
0.02428343421	914.7772131
0.0243715358	914.6876121
0.02439168706	914.6666754
0.02441883107	914.6382129
0.02448587167	914.566635
0.02449987971	914.5514486
0.02451549478	914.5344261
0.02458167806	914.4611795
0.02464581908	914.3918907
0.02467207594	914.3633568
0.02473074935	914.2988359
0.02476164139	914.2644318
0.02480501794	914.2156194
0.0248536894	914.160147
0.02489944052	914.1073266
0.02490217211	914.1041521
0.02491026471	914.0947339
0.0249132689	914.0912324
0.02497136366	914.0229646
0.02498848543	914.0029776
0.02501011915	913.9776672
0.02505917443	913.9200419
0.02508070304	913.8946501
0.02509781945	913.8744179
0.02522078217	913.7279135
0.02523763586	913.7076748
0.02525922388	913.6816951
0.02530859294	913.6220474
0.02533007577	913.5959896
0.02534692418	913.5755097
0.02540110298	913.5036177
0.02546152389	913.4244117
0.02547538247	913.4063885
0.02549218084	913.3846141
0.02551071996	913.3606749
0.02552845822	913.33786
0.02554664997	913.3154178
0.02556271009	913.2955494
0.02566263593	913.1707491
0.02568686001	913.140189
0.02571317579	913.1068547
0.02573528268	913.0795232
0.0257587507	913.0506671
0.02585153293	912.9381792
0.02585830394	912.9300698
0.02586176171	912.9259339
0.02586393389	912.9233374
0.02587025175	912.9154035
0.02596018955	912.801125
0.02601266657	912.7332926
0.02610246229	912.6152504
0.02610887865	912.6067205
0.02611323194	912.6009259
0.02611963654	912.5923903
0.02620941456	912.4714083
0.02626196462	912.3994395
0.02635160102	912.2747135
0.02635810366	912.2655689
0.02636024689	912.2623556
0.02636316225	912.2579872
0.02636708506	912.2521138
0.02645171123	912.1266898
0.02648095746	912.0839136
0.0265126653	912.0378676
0.02659978417	911.9214684
0.0266326735	911.8771456
0.02663799668	911.8699524
0.02664177992	911.8643568
0.02666397595	911.8314689
0.02675506932	911.6954366
0.02676408562	911.6830087
0.02677061321	911.6740173
0.02678021227	911.6608042
0.02683074696	911.591424
0.0269127943	911.4794254
0.0270048365	911.3547351
0.02701293268	911.3429785
0.02702637017	911.3234347
0.02707828405	911.2475666
0.02709981637	911.2159294
0.02725410584	910.9863292
0.02726220067	910.9741424
0.02727563951	910.9538792
0.02732753775	910.8752636
0.02734907007	910.8424771
0.02740869424	910.7430272
0.0274574215	910.663223
0.02747180449	910.6399197
0.02750124065	910.5925865
0.02751087282	910.5784726
0.02751520041	910.572127
0.02762389841	910.4118431
0.0277349135	910.2463569
0.02775680869	910.2135055
0.02779575467	910.1565348
0.02791235525	909.9752285
0.02795554693	909.9077356
0.02801632855	909.8124516
0.02804501779	909.7673534
0.02816162191	909.5832404
0.02820480686	909.5147207
0.02826558848	909.4179765
0.02829428091	909.372184
0.02841088857	909.1852643
0.02845406679	909.115718
0.02847579578	909.0801439
0.02850389495	909.0335411
0.02859968818	908.8736093
0.02862231745	908.8355897
0.02862938543	908.823696
0.02870454261	908.6966744
0.02872140314	908.669822
0.02874558579	908.6314587
0.0287724064	908.5891175
0.02880465863	908.5384899
0.02886365889	908.4466897
0.02888246516	908.41765
0.02890603953	908.3813989
0.02903980565	908.1597449
0.02907666421	908.0983671
0.02908104118	908.0910698
0.02915530137	907.966982
0.02928906748	907.7421234
0.02932592559	907.6798633
0.02933030239	907.6724614
0.02936957017	907.6012742
0.02940979885	907.52935
0.02942296843	907.5060253
0.02945853053	907.4435857
0.02950137531	907.369415
0.02954033855	907.3029655
0.02955257813	907.2828426
0.0295711064	907.2523519
0.02964281945	907.1340147
0.02966795063	907.090763
0.02973686708	906.9721716
0.02977960369	906.8986425
0.02989208097	906.7051676
0.02991721217	906.6619476
0.02998612846	906.5434435
0.0300288652	906.4699681
0.03014134249	906.2766352
0.0301664737	906.2334469
0.03023538983	906.1150301
0.0302781267	906.0416085
0.03032734997	905.9601671
0.03045003225	905.7568046
0.03046602797	905.7284488
0.03048637129	905.6923917
0.03050209418	905.6645281
0.03051360618	905.6441293
0.03058062638	905.5254116
0.03063132035	905.4415973
0.03064165052	905.4244997
0.03066305239	905.3890576
0.03068006957	905.3608578
0.03072488393	905.2865137
0.03075421257	905.2377309
0.03076887689	905.2134578
0.03088437247	905.0250382
0.03093839415	904.9353617
0.03099491509	904.8412824
0.03101813843	904.8025517
0.03105388971	904.7428419
0.03107711307	904.7039998
0.03113363401	904.6092828
0.03118765566	904.5185112
0.03124417662	904.423286
0.03126739996	904.3840845
0.03130315123	904.32365
0.03132637459	904.2843371
0.03138289554	904.1884742
0.03143691717	904.0966075
0.03150283612	903.9808108
0.03154478951	903.9079561
0.03156302085	903.8765006
0.03160077642	903.8117525
0.03160389304	903.8064314
0.03163700038	903.7502472
0.03165612166	903.7178203
0.03165869039	903.7134654
0.03175722815	903.5466328
0.03183708661	903.4126842
0.03192554423	903.2654154
0.03192739153	903.2623523
0.03200648968	903.1316693
0.03208634814	903.0006708
0.03217480576	902.8566696
0.03217665305	902.8536747
0.0322557512	902.7259137
0.03233560966	902.5978652
0.03241554172	902.4765393
0.03241809664	902.4726828
0.0324344943	902.4479638
0.03250780102	902.3344366
0.03258383383	902.2176166
0.03258815616	902.2106158
0.03262774622	902.1461474
0.03264483282	902.1181311
0.03271695182	901.9986021
0.03271716684	901.9982426
0.03272710904	901.9816016
0.03272817605	901.9798134
0.03273551552	901.9675004
0.03274777848	901.9488017
0.03284276615	901.8049173
0.03293735799	901.663312
0.03294956984	901.6451529
0.03296704428	901.6192168
0.03296739691	901.618694
0.03296774806	901.6181734
0.03298526193	901.5913086
0.03300822891	901.5561645
0.03319879341	901.2683046
0.03321630728	901.2421838
0.03321666887	901.2416677
0.03321699201	901.2412064
0.03322823181	901.2251538
0.0332511994	901.1923032
0.03334500523	901.0574589
0.0333655063	901.0278448
0.03339140145	900.9903649
0.03346001306	900.8906597
0.03347334158	900.8712237
0.03348825667	900.8494483
0.03355457108	900.7523004
0.03361923674	900.6613963
0.03364606444	900.6239971
0.03370397554	900.5442344
0.03372906501	900.5094652
0.03376000041	900.4664175
0.03383605497	900.3597535
0.03384940801	900.3409043
0.03386019949	900.3256444
0.03389954056	900.2698119
0.03391399479	900.2492191
0.0339414637	900.2099668
0.03403625753	900.0802856
0.03405243233	900.0584492
0.03410675986	899.9857272
0.03419072522	899.8752169
0.03428551906	899.7532047
0.0343106513	899.7212306
0.03432824066	899.6989982
0.03437756261	899.6372951
0.03439136637	899.6201948
0.03441918513	899.5859565
0.0345255295	899.4578319
0.03452609151	899.4571664
0.03452644111	899.4567524
0.03466010718	899.3019638
0.03468446332	899.2729914
0.0347590271	899.1841029
0.03476445976	899.1777304
0.03478618426	899.1523883
0.03480703086	899.1282822
0.03485015173	899.079078
0.0348609637	899.06688
0.03489892107	899.0244988
0.03496190582	898.9556918
0.03499468097	898.9206365
0.03500022989	898.9147523
0.03500275362	898.912081
0.03501165788	898.9026802
0.03501584014	898.8982779
0.03502794875	898.8855791
0.0352411911	898.6530616
0.03525626626	898.6347491
0.03525688898	898.6339976
0.03525756488	898.6331825
0.03525828416	898.6323155
0.03525877385	898.6317256
0.03527295119	898.6147527
0.03537087546	898.503147
0.03547508435	898.3951769
0.03547667661	898.3936136
0.03548195751	898.3887009
0.03549221419	898.3791721
0.03549270983	898.3787121
0.03549993166	898.3720135
0.0355304711	898.3437796
0.0356960677	898.1932957
0.03570952883	898.1812568
0.03571210093	898.1789598
0.03572666244	898.1659757
0.03573892541	898.1557189
0.03583391307	898.079964
0.03592850491	898.0110255
0.03594071677	898.0025983
0.03595819121	897.9907275
0.03595854383	897.9904902
0.03595889499	897.9902541
0.03597640885	897.9762056
0.03599937584	897.9579465
0.03618994034	897.8136048
0.0362074542	897.8009802
0.0362078158	897.8007408
0.03620813893	897.8005267
0.03621937873	897.7930869
0.03624234632	897.7779085
0.03633615215	897.7162559
0.03635665323	897.7028546
0.03638254837	897.6859646
0.03645115999	897.6414142
0.0364644885	897.6327937
0.0364794036	897.6231602
0.03654571801	897.5804955
0.03661038367	897.5416488
0.03663721137	897.5259859
0.03669512246	897.4921084
0.03672021193	897.4776438
0.03675114734	897.4599856
0.0368272019	897.4174033
0.03684055493	897.4100488
0.03685134641	897.4041318
0.03689068749	897.382762
0.03690514172	897.3749899
0.03693261062	897.3603372
0.03702740446	897.3137449
0.03704357925	897.3061749
0.03709790678	897.2815599
0.03718187215	897.2459753
0.03727666598	897.2093898
0.03730179823	897.1997245
0.03731938758	897.1931755
0.03736870954	897.1757584
0.0373825133	897.1711338
0.03741033205	897.1621459
0.03751667642	897.1318799
0.03751723844	897.1317371
0.03751758804	897.1316485
0.03765125411	897.1028784
0.03767561024	897.0968833
0.03775017402	897.0788577
0.03775560668	897.0776723
0.03777733118	897.0731054
0.03779817779	897.0689842
0.03784129865	897.0612712
0.03785211063	897.0595089
0.03789006799	897.0538665
0.03795305275	897.0463745
0.0379858279	897.0433995
0.03799137681	897.0429583
0.03799390054	897.0427637
0.03800280481	897.042107
0.03800698707	897.0418146
0.03801909567	897.0410261
0.03823233803	897.0204673
0.03824741318	897.0171981
0.03824803591	897.0170684
0.03824871181	897.0169282
0.03824943108	897.0167796
0.03824992077	897.0166787
0.03826409811	897.013873
0.03836202238	897.000568
0.03846623128	896.9980644
0.03846782353	896.9981193
0.03847310444	896.9985913
0.03848336111	896.9995259
0.03848385676	896.9995717
0.03849107859	897.0002448
0.03852161802	897.0032216
0.03868721462	897.0230299
0.03870067576	897.0249123
0.03870324785	897.0252766
0.03871780937	897.0273673
0.03873007233	897.0297713
0.03882506	897.0523719
0.03891965184	897.0818838
0.0389318637	897.0862033
0.03894933813	897.092587
0.03894969076	897.0927182
0.03895004192	897.0928491
0.03896755578	897.0972306
0.03899052277	897.1031647
0.03918108727	897.1606487
0.03919860113	897.1666703
0.03919896273	897.166816
0.03919928586	897.1669461
0.03921052566	897.1714799
0.03923349324	897.1807783
0.03932729908	897.2192308
0.03934780015	897.2277361
0.0393736953	897.2385315
0.03944230691	897.2674161
0.03945563543	897.2730746
0.03947055053	897.279425
0.03953686493	897.3078932
0.03960153059	897.3384882
0.0396283583	897.3516862
0.03968626939	897.3806337
0.03971135886	897.39333
0.03974229427	897.4091134
0.03981834882	897.4485223
0.03983170186	897.4555303
0.03984249334	897.4612132
0.03988183442	897.4820776
0.03989628865	897.4898012
0.03992375755	897.5045648
0.04001855138	897.5608498
0.04003472618	897.5708811
0.04008905371	897.605486
0.04017301907	897.6617338
0.04026781291	897.72927
0.04029294515	897.7477459
0.04031053451	897.7608659
0.04035985646	897.7984865
0.04037366022	897.8092349
0.04040147898	897.8311877
0.04050782335	897.918701
0.04050838536	897.9191786
0.04050873497	897.9194758
0.04064240103	898.0376134
0.04066675717	898.05844
0.04074132095	898.1232277
0.04074675361	898.128084
0.04076847811	898.1476883
0.04078932471	898.1667779
0.04083244558	898.2071271
0.04084325755	898.2174265
0.04088121492	898.2541634
0.04094419967	898.3171114
0.04097697482	898.350849
0.04098252374	898.3566274
0.04098504747	898.3592619
0.04099395173	898.3685887
0.04099813399	898.3729865
0.0410102426	898.3857809
0.04122348495	898.6054442
0.04123856011	898.6192093
0.04123918283	898.6197833
0.04123985873	898.6204068
0.04124057801	898.6210709
0.0412410677	898.6215233
0.04125524504	898.6347366
0.04135316931	898.7320558
0.04145737821	898.8472374
0.04145897046	898.8490902
0.04146425136	898.855544
0.04147450804	898.8680987
0.04147500369	898.8687061
0.04148222551	898.877563
0.04151276495	898.9151632
0.04167836155	899.1231718
0.04169182268	899.1403867
0.04169439478	899.1436813
0.04170895629	899.1623648
0.04172121926	899.1787343
0.04181620692	899.3097428
0.04191079876	899.4476196
0.04192301062	899.4659589
0.04194048506	899.4924157
0.04194083769	899.4929522
0.04194118884	899.4934865
0.0419587027	899.5179902
0.04198166969	899.550323
0.04217223419	899.8273319
0.04218974805	899.8535726
0.04219010965	899.8541366
0.04219043278	899.8546406
0.04220167258	899.872178
0.04222464017	899.9080498
0.042318446	900.0550577
0.04233894708	900.0872925
0.04236484222	900.1280632
0.04243345384	900.2363836
0.04244678235	900.2574756
0.04246169745	900.2810974
0.04252801186	900.3863679
0.04259267752	900.4914352
0.04261950522	900.5355565
0.04267741632	900.6314228
0.04270250578	900.6732697
0.04273344119	900.7251281
0.04280949575	900.8538474
0.04282284879	900.8766266
0.04283364027	900.8950753
0.04287298134	900.9626284
0.04288743557	900.987565
0.04291490447	901.0351282
0.04300969831	901.2035385
0.04302587311	901.232696
0.04308020064	901.3315291
0.043164166	901.4870061
0.04325895984	901.666513
0.04328409208	901.7141627
0.04330168144	901.7477299
0.04335100339	901.8428151
0.04336480715	901.8696801
0.0433926259	901.9241581
0.04349897027	902.1365639
0.04349953229	902.1377039
0.04349988189	902.1384131
0.04363354796	902.414792
0.04365790409	902.4642271
0.04373246787	902.6168375
0.04373790053	902.6280963
0.04375962503	902.6733083
0.04378047164	902.7169785
0.04382359251	902.8081962
0.04383440448	902.8312552
0.04387236185	902.912803
0.0439353466	903.0501633
0.04396812175	903.1226498
0.04397367066	903.1349903
0.0439761944	903.1406095
0.04398509866	903.1604679
0.04398928092	903.1698129
0.04400138952	903.196932
0.04421463188	903.6686778
0.04422970704	903.7001473
0.04423032976	903.7014525
0.04423100566	903.7028697
0.04423172493	903.7043783
0.04423221462	903.7054057
0.04424639197	903.7352635
0.04434431624	903.9474252
0.04444852513	904.1845843
0.04445011739	904.188299
0.04445539829	904.2009447
0.04446565497	904.2255236
0.04446615061	904.2267119
0.04447337244	904.2440334
0.04450391188	904.3174133
0.04466950848	904.7190125
0.04468296961	904.7519329
0.0446855417	904.7582279
0.04470010322	904.7938945
0.04471236618	904.8245099
0.04480735385	905.0657049
0.04490194569	905.3130252
0.04491415755	905.345473
0.04493163199	905.3921101
0.04493198461	905.3930537
0.04493233577	905.3939935
0.04494984963	905.4388332
0.04497281662	905.4978097
0.04516338112	905.9948374
0.04518089498	906.0412047
0.04518125658	906.0421846
0.04518157971	906.0430603
0.04519281951	906.073521
0.0452157871	906.1357682
0.04530959293	906.390051
0.045330094	906.4456344
0.04535598915	906.5158476
0.04542460076	906.7019128
0.04543792928	906.7380627
0.04545284438	906.7785176
0.04551915879	906.958409
0.04558382445	907.1352541
0.04561065215	907.2090672
0.04566856324	907.3683051
0.04569365271	907.4376825
0.04572458812	907.5235486
0.04580064267	907.7361698
0.04581399571	907.773723
0.04582478719	907.8041209
0.04586412827	907.915307
0.0458785825	907.9563029
0.0459060514	908.0344267
0.04600084524	908.3056792
0.04601702003	908.3522283
0.04607134756	908.5091416
0.04615531292	908.7533711
0.04625010676	909.0315983
0.04626362701	909.0691497
0.04627282407	909.0948165
0.04632177401	909.2330957
0.04638626517	909.419574
0.04639431099	909.4431815
0.04639592217	909.4479181
0.04643742208	909.5709704
0.04646220483	909.6454191
0.04647198073	909.6749848
0.04647661199	909.6881081
0.0465039662	909.7658502
0.04656634195	909.9445971
0.04657925122	909.9855577
0.04661646936	910.1039243
0.04665244675	910.2187332
0.04669557603	910.3568676
0.04673481772	910.4830274
0.04679611791	910.6810126
0.04680196787	910.6999645
0.04684282823	910.829508
0.04685784659	910.8765498
0.04692944073	911.1013648
0.04695379686	911.1780579
0.04706773362	911.5382507
0.04709208975	911.6155537
0.04710710811	911.6632734
0.04717870225	911.8913198
0.04720305838	911.9691122
0.04731699515	912.3344476
0.04734135128	912.4128499
0.04735636964	912.4612475
0.04742796378	912.6925254
0.04745231991	912.7699401
0.0475811048	913.1912871
0.04758742873	913.2120725
0.047610146	913.2868125
0.04761576381	913.3053129
0.04762872222	913.348014
0.04773052669	913.6847865
0.04774335001	913.7273704
0.04778506387	913.8661478
0.04785930373	914.1140952
0.04787742157	914.174792
0.04794667283	914.4074659
0.04796563829	914.4707123
0.04800227655	914.5930048
0.04803221305	914.6930358
0.0481592961	915.118757
0.04819593436	915.241818
0.04821489982	915.3055765
0.04827111866	915.4942709
0.04827951854	915.5225035
0.04835250456	915.7682407
0.04835933501	915.7912774
0.04840440782	915.9434596
0.04845882003	916.1275637
0.0485014414	916.2720703
0.04856827302	916.4991862
0.04862348717	916.687306
0.04864832803	916.7720838
0.04865175928	916.7837608
0.04866251997	916.8202618
0.04870393175	916.9608162
0.04889758956	917.6198485
0.0489010208	917.6315512
0.04891178149	917.6682578
0.04895319327	917.8096033
0.04914685108	918.4723353
0.04915028232	918.4841035
0.04916104302	918.5210157
0.0492024548	918.6631523
0.0492992837	918.9979872
0.04930466405	919.0165867
0.04932536994	919.0881602
0.04932708556	919.0940902
0.04942391447	919.4286743
0.04942734571	919.4403884
0.04959137797	920.0084398
0.04962978624	920.1412914
0.04965016467	920.2117545
0.04967453464	920.2959972
0.04969879828	920.3798484
0.04980250775	920.7379813
0.04984202779	920.8732373
0.04993725908	921.1983341
0.04995653798	921.264005
0.05005176927	921.5876931
0.05009128932	921.7216764
0.05018652061	922.0437067
0.05020579951	922.1087569
0.0503010308	922.4293784
0.05034055084	922.5620892
0.05043488692	922.8727189
0.05043703404	922.8798177
0.05043889554	922.8859732
0.05044022952	922.8904584
0.05050800631	923.1179595
0.05054831205	923.2528971
0.0506453428	923.5766599
0.05066694307	923.6485256
0.05067789127	923.685244
0.05068238653	923.7003257
0.05068707999	923.7160757
0.05070221697	923.7668949
0.0507145309	923.8082626
0.05081515406	924.1471835
0.05084503203	924.2481227
0.05090310672	924.444719
0.05093781976	924.5624815
0.05095678522	924.6254122
0.05099342347	924.7467655
0.05102335998	924.8457071
0.05115044303	925.2635782
0.05118708129	925.3834065
0.05120604674	925.4453212
0.05126226558	925.6251084
0.05127066546	925.6519559
0.05134365149	925.8850665
0.05135048193	925.9068671
0.05139555475	926.0506596
0.05144996696	926.2240956
0.05149258833	926.3598333
0.05155941995	926.5724699
0.0516146341	926.7479551
0.05163947496	926.8268504
0.0516429062	926.8375908
0.05165366689	926.8713758
0.05169507867	927.0011199
0.05188873648	927.6020613
0.05189216773	927.6126228
0.05190292842	927.6457251
0.0519443402	927.772842
0.05213799801	928.3614979
0.05214142925	928.3718417
0.05215218994	928.4042613
0.05219360172	928.5287511
0.05220046421	928.549172
0.05222017806	928.6078619
0.05230918992	928.8717386
0.05235012379	928.9924721
0.05238191851	929.0859824
0.0524139928	929.1800779
0.05245427459	929.2979143
0.05261736634	929.7801584
0.05262075323	929.790091
0.05264444025	929.8594635
0.05264613416	929.8644315
0.05265470784	929.8895908
0.05267233568	929.9413942
0.05267420141	929.946883
0.0527147978	930.0665918
0.05276756257	930.2229797
0.05281527723	930.3651757
0.05285198815	930.4750808
0.05287286825	930.5377864
0.05290596409	930.6318119
0.05293748921	930.72101
0.0530996219	931.1741255
0.05312212978	931.236284
0.05315522561	931.3273526
0.05317623674	931.3825043
0.05318257736	931.3991576
0.0532674178	931.6224297
0.05332613525	931.7774375
0.05338159144	931.9241986
0.05338799929	931.9411792
0.05339678705	931.9644742
0.05340496342	931.9861565
0.05340892254	931.9966581
0.0534128741	932.0076919
0.05343545978	932.0704526
0.05348553291	932.2077479
0.05349026865	932.220601
0.05352186231	932.3057656
0.05352618464	932.3170048
0.05356577469	932.4192663
0.0535828613	932.4630208
0.0536549803	932.6451722
0.05365519532	932.6457092
0.05366513752	932.6704981
0.05366620453	932.6731539
0.053673544	932.6913975
0.05368580696	932.7230522
0.05378079463	932.9679376
0.05387538646	933.211259
0.05388759833	933.2426323
0.05390507276	933.28751
0.05390542539	933.2884155
0.05390577655	933.2893171
0.05392329041	933.3329048
0.0539462574	933.3899124
0.0541368219	933.8562923
0.05415433576	933.8985612
0.05415469735	933.8994485
0.05415502049	933.9002413
0.05416626029	933.9277755
0.05418922787	933.9837785
0.05428303371	934.2088718
0.05430353478	934.2572873
0.05432942993	934.3180424
0.05439804154	934.4768655
0.05441137006	934.5073558
0.05442628515	934.5413357
0.05449259956	934.6906256
0.05455726522	934.8348477
0.05458409292	934.8942649
0.05464200402	935.0216042
0.05466709349	935.0763279
0.05469802889	935.1434324
0.05477408345	935.3066702
0.05478743649	935.3350751
0.05479822797	935.3579754
0.05483756904	935.4410386
0.05485202327	935.4713906
0.05487949218	935.5288257
0.05497428601	935.7263078
0.05499046081	935.7597246
0.05504478834	935.8713667
0.0551287537	936.0421033
0.05522354754	936.2322163
0.05524867978	936.2815057
0.05526626914	936.3159159
0.05531559109	936.4120272
0.05532939485	936.4388261
0.05535721361	936.4927016
0.05546355798	936.6970213
0.05546411999	936.6980942
0.05546446959	936.6987616
0.05559813566	936.9518744
0.0556224918	936.9957786
0.05569705558	937.1283011
0.05570248824	937.137919
0.05572421274	937.1763286
0.05574505934	937.2131093
0.05578818021	937.2889508
0.05579899218	937.3079166
0.05583694955	937.3743391
0.0558999343	937.4840075
0.05593270945	937.5408037
0.05593825837	937.550401
0.0559407821	937.5547643
0.05594968636	937.5701499
0.05595386862	937.5773717
0.05596597723	937.5982634
0.05617921958	937.9422123
0.05619429474	937.9633897
0.05619491746	937.9642657
0.05619559336	937.9652165
0.05619631264	937.9662286
0.05619680233	937.9669176
0.05621097967	937.9868919
0.05630890394	938.1261698
0.05641311283	938.2769063
0.05641470509	938.2792297
0.05641998599	938.287255
0.05643024267	938.3027975
0.05643073831	938.3035471
0.05643796014	938.3144536
0.05646849958	938.360253
0.05663409618	938.5995385
0.05664755731	938.6183176
0.05665012941	938.6218944
0.05666469092	938.6420739
0.05667695389	938.659561
0.05677194155	938.7949364
0.05686653339	938.9296101
0.05687874525	938.9469866
0.05689621969	938.9718473
0.05689657231	938.9723489
0.05689692347	938.9728485
0.05691443733	938.9955492
0.05693740432	939.0251374
0.05712796882	939.2627365
0.05714548268	939.2838652
0.05714584428	939.2843229
0.05714616741	939.2847319
0.05715740721	939.2989067
0.0571803748	939.327567
0.05727418063	939.4403741
0.05729468171	939.4641188
0.05732057685	939.493645
0.05738918847	939.569362
0.05740251698	939.5836472
0.05741743208	939.5994694
0.05748374649	939.6677273
0.05754841215	939.7326692
0.05757523985	939.7591585
0.05763315094	939.8176636
0.05765824041	939.842336
0.05768917582	939.8721958
0.05776523038	939.9429708
0.05777858341	939.9550103
0.05778937489	939.9646558
0.05782871597	939.9991803
0.0578431702	940.0116131
0.0578706391	940.0348675
0.05796543294	940.1155315
0.05798160773	940.1289579
0.05803593526	940.1733342
0.05811990063	940.2397365
0.05821469446	940.3115169
0.05822821472	940.3197868
0.05823741177	940.3254416
0.05828636172	940.3559364
0.05835085287	940.3971364
0.05835889869	940.4023581
0.05836050987	940.4034059
0.05840200978	940.4306454
0.05842679253	940.4471419
0.05843656844	940.4536965
0.05844168224	940.4568109
0.0585316577	940.5083089
0.05853471032	940.5099466
0.05854312138	940.5157569
0.05857986079	940.5407289
0.05861607503	940.564695
0.05866074577	940.5933701
0.05870048286	940.6180544
0.05876015193	940.6536635
0.05876655557	940.6573812
0.05880741593	940.6797325
0.05882243429	940.6875754
0.05889402843	940.7234502
0.05891838456	940.7350844
0.05903232132	940.7856634
0.05905667745	940.7956536
0.05907169582	940.8016695
0.05914328995	940.8288344
0.05916764609	940.8375055
0.05928158285	940.8742234
0.05930593898	940.8812506
0.05932095734	940.8854393
0.05939255148	940.9038944
0.05941690761	940.908843
0.05953145361	940.9282895
0.05953815377	940.9292912
0.05958503488	940.9358796
0.05964418425	940.9431435
0.05982163237	940.9579142
0.05983298079	940.9585006
0.05984226807	940.9589484
0.05987146089	940.9601682
0.05988708725	940.960704
0.0598880704	940.960735
0.05990558426	940.9608283
0.05992855125	940.9607948
0.06011911575	940.953698
0.06013662961	940.9524351
0.06013669713	940.9524236
0.06013698077	940.9523756
0.06013733339	940.952316
0.06015480783	940.9493424
0.0602496771	940.9326625
0.06026161153	940.9305001
0.0602741676	940.9282096
0.06036886216	940.9104243
0.06037583208	940.9101865
0.06038628695	940.9097376
0.06038714547	940.9096958
0.06040463736	940.9086818
0.06047120514	940.9019881
0.06047322351	940.901715
0.06051825285	940.8945493
0.06060736263	940.8575997
0.06062266249	940.8503964
0.06062343315	940.8500269
0.06062429787	940.8497729
0.06064938734	940.8423945
0.06068032275	940.8332722
0.06068610482	940.8315642
0.06072775885	940.8192313
0.06078052182	940.8035385
0.0608198629	940.7917862
0.06084726161	940.7835754
0.06086178603	940.779214
0.06095657986	940.7399633
0.06097275466	940.7328568
0.06102708219	940.7081147
0.06111104755	940.6672283
0.06120584139	940.617207
0.06121936164	940.607835
0.0612285587	940.6014967
0.06127750864	940.5682669
0.0613419998	940.5257837
0.06135004562	940.5205871
0.0613516568	940.5195492
0.06139315671	940.4931331
0.06141793946	940.4776492
0.06142771536	940.4716012
0.06143282917	940.4680386
0.06152280462	940.4032231
0.06152585724	940.4009534
0.0615342683	940.3958545
0.06157100772	940.3731958
0.06160722196	940.3502445
0.0616518927	940.3210908
0.06169162978	940.2943744
0.06175129886	940.2528732
0.0617577025	940.2483206
0.06179856286	940.218196
0.06181358122	940.2067192
0.06188517536	940.1505365
0.06190953149	940.1308687
0.06202346825	940.0351242
0.06204782438	940.0138577
0.06206284274	940.0006041
0.06213443688	939.935951
0.06215879301	939.9134015
0.06227272977	939.804177
0.06229708591	939.7800288
0.06231210427	939.7649983
0.0623836984	939.6918747
0.06240805454	939.6657689
0.06252260054	939.5387014
0.06252930069	939.531127
0.0625761818	939.4776908
0.06263533118	939.4091764
0.0628127793	939.1963066
0.06282412772	939.182319
0.06283341499	939.1708383
0.06286260782	939.1345551
0.06287823418	939.1150112
0.06287921732	939.1137787
0.06289673118	939.0912623
0.06291969817	939.0615843
0.06311026267	938.8087403
0.06312777653	938.7849118
0.0631281639	938.7843464
0.06312838804	938.7840192
0.06314402057	938.7611827
0.06315595759	938.7437207
0.06326564705	938.5822915
0.0633454211	938.4637886
0.0633662962	938.4326262
0.06336810189	938.4299276
0.0634031302	938.3774854
0.0634062914	938.3727439
0.06346285309	938.2876602
0.06349504802	938.2385567
0.06357075792	938.1206891
0.06358830654	938.092889
0.0636323472	938.0234208
0.06366124918	937.9781325
0.06368222646	937.9454113
0.06372757281	937.8751071
0.06372781626	937.8747313
0.06372985979	937.871577
0.06376705974	937.8143652
0.06377959432	937.7951765
0.06381734381	937.7376582
0.06383680751	937.7081606
0.06385293295	937.683804
0.06394772679	937.5232956
0.06396390159	937.4955844
0.06401822912	937.4018181
0.06410219448	937.2548055
0.06419698832	937.0857795
0.06420825719	937.0632535
0.06423049393	937.0190248
0.06425440499	936.9717941
0.0643018273	936.8791288
0.064307187	936.8687399
0.06431112372	936.8611201
0.06434705717	936.7919944
0.06435506073	936.7767024
0.06438191604	936.72567
0.06442174421	936.6550575
0.06442898077	936.64215
0.06446630494	936.5751979
0.06451480463	936.4872509
0.06454922138	936.4241912
0.06458988439	936.3489913
0.06461270638	936.3064556
0.06463002285	936.274261
0.06467352041	936.1869253
0.06475297344	936.0256313
0.0647637888	936.003499
0.06487928437	935.7645149
0.06492278193	935.6732593
0.06500223497	935.5048051
0.06501305032	935.4816982
0.0651285459	935.2323059
0.06517204346	935.1371305
0.06525149649	934.9615162
0.06528007488	934.8973843
0.06531157706	934.8257528
0.06531991751	934.806698
0.06539215304	934.6400924
0.06542612529	934.5607624
0.06542677384	934.5592419
0.06547247503	934.4569762
0.06547326357	934.4551424
0.06553660768	934.3071217
0.06562605541	934.0957074
0.06566173189	934.0106017
0.06569425037	933.9326408
0.06577308778	933.7420945
0.06579118738	933.6980411
0.06591585436	933.3946936
0.06593086215	933.3578341
0.06600664792	933.1705804
0.06602544111	933.1238559
0.06604044891	933.0864602
0.06616511588	932.7729825
0.06618012368	932.7349034
0.06625590945	932.5414916
0.06627470264	932.49324
0.06628971043	932.4546247
0.06641437741	932.1310168
0.06653146781	931.8242784
0.06654822622	931.7799331
0.0665969202	931.6492758
0.06660263655	931.6339726
0.06665224037	931.5014881
0.06665682014	931.4892842
0.06665942703	931.4823397
0.06672726731	931.3021573
0.06679482489	931.1237578
0.06688540444	930.8741892
0.06690579352	930.8175693
0.06690897125	930.8087302
0.06704408641	930.4292364
0.06713466596	930.1708251
0.06715505505	930.1122147
0.06715823278	930.1030654
0.0671719758	930.0617678
0.06722628854	929.8990425
0.06728976628	929.7098366
0.06730256909	929.6718035
0.06733400654	929.5785949
0.06735183835	929.5258405
0.06736444576	929.4885924
0.06739779333	929.3902689
0.06741503839	929.3425999
0.06747560559	929.1729488
0.06748859725	929.1326752
0.06750585802	929.0788761
0.0675604616	928.9064952
0.06758716942	928.8275026
0.06759944499	928.7912521
0.06763610582	928.6832016
0.06763827622	928.6768147
0.06763910328	928.6743812
0.067645933	928.6542918
0.06768701714	928.5336759
0.06772217147	928.4307846
0.06776396955	928.308827
0.06780639548	928.1854584
0.06782860288	928.1210515
0.06786169872	928.0195527
0.06789322384	927.9226133
0.06805535653	927.420087
0.06807786441	927.3497988
0.06811096024	927.2462136
0.06813197136	927.1785685
0.06813831199	927.1581722
0.06822315243	926.8860335
0.06828186988	926.6985301
0.06833732607	926.5220733
0.06834373392	926.5017237
0.06835252168	926.4738294
0.06836069805	926.4478897
0.06836465717	926.4353341
0.06836860873	926.4231861
0.06839119441	926.3536436
0.06844126754	926.1988063
0.06844600328	926.1841152
0.06847759694	926.0858984
0.06848191927	926.071982
0.06852150932	925.9438132
0.06853859593	925.8881057
0.06861071492	925.6503771
0.06861092995	925.6496621
0.06862087214	925.6165579
0.06862193916	925.6130003
0.06862927863	925.5885048
0.06864154159	925.5492605
0.06873652926	925.2452334
0.06883112109	924.9423944
0.06884333295	924.903292
0.06886080739	924.8473366
0.06886116002	924.8462074
0.06886151117	924.8450829
0.06887902504	924.7875791
0.06890199202	924.7121131
0.06909255652	924.083415
0.06911007039	924.0254076
0.06911044006	924.0241985
0.06911072757	924.0232581
0.06912253118	923.9846335
0.06915461096	923.8794832
0.06924164139	923.5929181
0.06927257449	923.4906076
0.06929303879	923.4227906
0.06934397267	923.2535442
0.06937284273	923.1573242
0.06938665702	923.1112092
0.069409962	923.0333039
0.0694635464	922.8536624
0.06953026368	922.6306656
0.06954048549	922.596445
0.06960459476	922.3803967
0.06966662412	922.1707584
0.06973080611	921.9532244
0.06978507078	921.7688112
0.0698384921	921.5868233
0.06984908155	921.5506969
0.06988985675	921.4114296
0.06995130132	921.2010853
0.06996339011	921.1596334
0.06997362891	921.1247219
0.06998895777	921.0724514
0.07003092301	920.929331
0.07004625187	920.877045
0.07005649068	920.8421186
0.07021265163	920.3091973
0.07022289044	920.274241
0.0702382193	920.2219032
0.07028018454	920.0785989
0.0702955134	920.0262457
0.0703057522	919.9912744
0.07046191316	919.4636083
0.07052944606	919.2355383
0.0705513656	919.1596527
0.07055740664	919.1387607
0.07061266133	918.9481112
0.07063441731	918.8732631
0.07064648342	918.8318047
0.07073074453	918.5433461
0.07074548815	918.4930631
0.07077408903	918.3956815
0.07080701351	918.2838426
0.07082802992	918.2115699
0.07092247138	917.8870398
0.07096183356	917.751896
0.07105627503	917.4279266
0.07107729144	917.3558863
0.07117173291	917.0324007
0.07121109509	916.8976922
0.07130553655	916.5747672
0.07132655297	916.5029594
0.07140713961	916.2278014
0.07141459185	916.2025905
0.07142073947	916.181823
0.07142680206	916.1611046
0.07146960853	916.0146538
0.07155561643	915.7195351
0.07158435306	915.6206736
0.07160497155	915.5496611
0.07161591975	915.5125952
0.07162041501	915.4973937
0.07162510847	915.4815328
0.07164024545	915.4304552
0.07165255938	915.3889887
0.07175318254	915.05301
0.07178306051	914.9542308
0.0718411352	914.7635179
0.07187584824	914.6503347
0.0718948137	914.5866771
0.07193145195	914.4639418
0.07196138846	914.3638924
0.07208847151	913.9415339
0.07212510977	913.8204765
0.07214407522	913.7579369
0.07220029406	913.5698253
0.07220869394	913.5418153
0.07228167997	913.2994925
0.07228851041	913.2769114
0.07233358323	913.1283186
0.07238799544	912.9498978
0.07243061681	912.8108745
0.07249744843	912.5941811
0.07255266258	912.4163528
0.07257750344	912.3367011
0.07258093468	912.3256513
0.07259169537	912.2904226
0.07263310715	912.1551187
0.07282676496	911.5280971
0.07283019621	911.5170724
0.0728409569	911.4825169
0.07288236868	911.3498038
0.07307602649	910.7348979
0.07307945773	910.7240878
0.07309021842	910.6902055
0.0731316302	910.5600832
0.07313849269	910.53866
0.07315820654	910.4773289
0.0732472184	910.2006983
0.07328815227	910.0736442
0.07331994699	909.9750264
0.07335202128	909.875603
0.07339230307	909.7508259
0.07339741687	909.7349229
0.07348739233	909.4564579
0.07349044494	909.4470548
0.073498856	909.4222138
0.07353559542	909.3138939
0.07357180966	909.2074178
0.0736164804	909.0764822
0.07365621748	908.9603827
0.07371588656	908.7867114
0.0737222902	908.7681204
0.07376315056	908.6487865
0.07377816892	908.6047473
0.07384976306	908.3955295
0.07387411919	908.3246261
0.07398805595	907.9947771
0.07401241208	907.9246576
0.07402743044	907.8814896
0.07409902458	907.6764249
0.07412338071	907.6069344
0.07423731748	907.2836946
0.07426167361	907.214988
0.07427669197	907.1726912
0.07434828611	906.9717796
0.07437264224	906.9034483
0.07448718824	906.5822882
0.07449388839	906.5636626
0.07454076951	906.4338338
0.07459991888	906.2712659
0.074777367	905.7918345
0.07478871542	905.7615953
0.0747980027	905.7368861
0.07482719552	905.6594385
0.07484282188	905.6181203
0.07484380503	905.6155239
0.07486131889	905.5689548
0.07488428588	905.5080835
0.07507485038	905.0116686
0.07509236424	904.9668205
0.07509243176	904.9666422
0.07509271539	904.9658936
0.07509306802	904.964963
0.07511054246	904.9189527
0.07520541173	904.6727798
0.07521734616	904.6422444
0.07522990222	904.6102229
0.07532459679	904.3721737
0.0753315667	904.3557503
0.07534202158	904.3311108
0.0753428801	904.3290873
0.07536037199	904.2878515
0.07542693977	904.1307937
0.07542895813	904.1260285
0.07547398748	904.0196675
0.07556309725	903.7917804
0.07557839711	903.752612
0.07557916778	903.7506388
0.0755800325	903.7485616
0.07560512197	903.6885245
0.07563605737	903.6151122
0.07564183945	903.6014661
0.07568349348	903.5038589
0.07573625645	903.3819843
0.07577559752	903.2923955
0.07580299624	903.2306497
0.07581752066	903.198133
0.07591231449	902.9800215
0.07592848929	902.9431586
0.07598281682	902.8200992
0.07606678218	902.6321946
0.07616157602	902.4233967
0.07617509627	902.3922171
0.07618429333	902.37113
0.07623324327	902.2605671
0.07629773443	902.119194
0.07630578025	902.101899
0.07630739143	902.0984447
0.07634889133	902.0105226
0.07637367408	901.9589815
0.07638344999	901.9388485
0.07638856379	901.9279781
0.07647853925	901.7369406
0.07648159187	901.7304666
0.07649000293	901.7139723
0.07652674235	901.6422113
0.07656295659	901.5719319
0.07660762733	901.4858646
0.07664736441	901.4098816
0.07670703348	901.2968089
0.07671343712	901.284747
0.07675429748	901.2072829
0.07676931585	901.1787641
0.07684090998	901.0439113
0.07686526612	900.9984492
0.07697920288	900.7885732
0.07700355901	900.7443055
0.07701857737	900.7171142
0.07709017151	900.5885899
0.07711452764	900.5452807
0.0772284644	900.345476
0.07725282053	900.3033612
0.0772678389	900.2774975
0.07733943303	900.1553016
0.07736378917	900.1136618
0.07747833517	899.9197231
0.07748503532	899.9085841
0.07753191643	899.8312786
0.0775910658	899.7353265
0.07776851392	899.4580701
0.07777986234	899.4408796
0.07778914962	899.4268596
0.07781834244	899.383074
0.0778339688	899.3598133
0.07783495195	899.358354
0.07785246581	899.3320156
0.0778754328	899.2977128
0.0780659973	899.0234383
0.07808351116	898.9991576
0.07808357868	898.9990588
0.07808386232	898.9986436
0.07808421495	898.9981274
0.07810168938	898.9726611
0.07819655865	898.8382066
0.07820849308	898.8217473
0.07822104915	898.8045403
0.07831574371	898.6783938
0.07832271363	898.6702796
0.07833316851	898.6581093
0.07833402703	898.6571099
0.07835151892	898.6367506
0.0784180867	898.559299
0.07842010506	898.5569514
0.07846513441	898.5045863
0.07855424418	898.38351
0.07856954404	898.3628593
0.0785703147	898.3618201
0.07857117942	898.3607883
0.07859626889	898.3311068
0.0786272043	898.2951921
0.07863298637	898.288563
0.0786746404	898.2415851
0.07872740337	898.1840408
0.07876674445	898.142562
0.07879414316	898.1143947
0.07880866758	898.0997027
0.07890346142	897.9984975
0.07891963621	897.9815975
0.07897396374	897.9256212
0.07905792911	897.8414936
0.07915272294	897.7499984
0.0791662432	897.7353917
0.07917544025	897.7255818
0.0792243902	897.6750904
0.07928888135	897.6129896
0.07929692717	897.6055947
0.07929853835	897.6041232
0.07934003826	897.5673041
0.07936482101	897.5463093
0.07937459692	897.5382317
0.07937971072	897.5335634
0.07946968618	897.4532444
0.0794727388	897.4505798
0.07948114986	897.4446082
0.07951788927	897.4187927
0.07955410351	897.3937729
0.07959877425	897.3634943
0.07963851134	897.3371015
0.07969818041	897.2984283
0.07970458405	897.2943462
0.07974544441	897.2675448
0.07976046277	897.2576989
0.07983205691	897.2118555
0.07985641304	897.1966718
0.0799703498	897.1284216
0.07999470593	897.1144258
0.0800097243	897.1059001
0.08008131843	897.0663504
0.08010567457	897.0533078
0.08021961133	896.9950736
0.08024396746	896.9832189
0.08025898582	896.9760134
0.08033057996	896.9427574
0.08035493609	896.9310894
0.08046948209	896.8787267
0.08047618225	896.8758654
0.08052306336	896.8564675
0.08058221273	896.8335492
0.08075966085	896.7752081
0.08077100927	896.7720084
0.08078029655	896.7694374
0.08080948937	896.7616346
0.08082511573	896.7576317
0.08082609888	896.7573839
0.08084361274	896.7526512
0.08086657973	896.7466672
0.08105714423	896.706744
0.08107465809	896.703946
0.08107472561	896.7039293
0.08107500925	896.7038594
0.08107536187	896.7037725
0.08109283631	896.6995735
0.08118770558	896.6804658
0.08119964001	896.6785032
0.08121219608	896.6765448
0.08130689064	896.6652898
0.08131386056	896.6656608
0.08132431543	896.6662097
0.08132517395	896.6662544
0.08134266584	896.6671512
0.08140923362	896.6703311
0.08141125199	896.6704217
0.08145628133	896.672356
0.08154539111	896.6589485
0.08156069097	896.6566463
0.08156146163	896.6565303
0.08156232635	896.6565294
0.08158741582	896.65674
0.08161835123	896.6576293
0.0816241333	896.6578726
0.08166578733	896.6603434
0.0817185503	896.6652829
0.08175789138	896.6702821
0.08178529009	896.6744281
0.08179981451	896.6768471
0.08189460834	896.6873641
0.08191078314	896.689493
0.08196511067	896.6973567
0.08204907603	896.7116732
0.08214386987	896.7309923
0.08215739012	896.7322229
0.08216658718	896.7331766
0.08221553712	896.7398401
0.08228002828	896.7527004
0.0822880741	896.7546304
0.08228968528	896.7550255
0.08233118519	896.766202
0.08235596794	896.7737927
0.08236574384	896.7769754
0.08237085765	896.7783468
0.0824608331	896.8024128
0.08246388572	896.8032272
0.08247229678	896.8068719
0.0825090362	896.8230013
0.08254525044	896.8392338
0.08258992118	896.859713
0.08262965826	896.878354
0.08268932734	896.9070943
0.08269573098	896.9102322
0.08273659134	896.929519
0.0827516097	896.9366188
0.08282320384	896.9713143
0.08284755997	896.9834381
0.08296149673	897.0423135
0.08298585286	897.0553612
0.08300087122	897.0634876
0.08307246536	897.1030777
0.08309682149	897.1168667
0.08321075825	897.1835314
0.08323511439	897.1982442
0.08325013275	897.2073974
0.08332172688	897.251882
0.08334608302	897.2664281
0.08346062902	897.3373333
0.08346732917	897.3416523
0.08351421028	897.3724027
0.08357335966	897.4125245
0.08375080778	897.5417545
0.0837621562	897.5504716
0.08377144347	897.5576459
0.0838006363	897.5804343
0.08381626266	897.5927803
0.0838172458	897.5935606
0.08383475966	897.6071006
0.08385772665	897.625033
0.08404829115	897.7815505
0.08406580501	897.7966272
0.08406587254	897.7966794
0.08406615617	897.7968988
0.0840665088	897.7971715
0.08408398323	897.8107748
0.08417885251	897.8875627
0.08419078693	897.8975735
0.084203343	897.9081905
0.08429803756	897.991058
0.08430500748	897.9983384
0.08431546236	898.0092404
0.08431632088	898.0101347
0.08433381277	898.0283218
0.08440038055	898.0969652
0.08440239891	898.0990324
0.08444742826	898.1449351
0.08453653803	898.2175333
0.08455183789	898.2300873
0.08455260855	898.2307203
0.08455347328	898.2315571
0.08457856274	898.2560612
0.08460949815	898.2868738
0.08461528022	898.2927063
0.08465693425	898.3354066
0.08470969723	898.3912167
0.0847490383	898.4340822
0.08477643701	898.4645675
0.08479096143	898.4809386
0.08488575527	898.5799632
0.08490193007	898.5970994
0.0849562576	898.6551671
0.08504022296	898.7464624
0.0851350168	898.8517926
0.08514853705	898.8648583
0.08515773411	898.8738823
0.08520668405	898.923765
0.0852711752	898.9942503
0.08527922102	899.0034241
0.0852808322	899.0052713
0.08532233211	899.0540155
0.08534711486	899.0841944
0.08535689077	899.0963189
0.08536152202	899.100994
0.08538887623	899.1285426
0.08545125199	899.1909501
0.08546416126	899.2084142
0.08550137939	899.25902
0.08553735679	899.3083
0.08558048607	899.3678443
0.08561972775	899.4224647
0.08568102794	899.5086338
0.0856868779	899.5169109
0.08572773826	899.5702854
0.08574275662	899.589199
0.08581435076	899.6800659
0.08583870689	899.7112439
0.08595264365	899.8588819
0.08597699979	899.8908248
0.08599201815	899.9105884
0.08606361229	900.0055075
0.08608796842	900.0380641
0.08620190518	900.192151
0.08622626131	900.2254724
0.08624127967	900.246086
0.08631287381	900.3450573
0.08633722994	900.3779298
0.08641354614	900.4867003
0.08641694438	900.4915565
0.08644391851	900.5301424
0.08647222463	900.5707888
0.08653885135	900.6667752
0.0865545101	900.6893978
0.08656044798	900.6979859
0.08669563864	900.8952647
0.08678391642	901.0258941
0.08680377163	901.0554718
0.08680970951	901.0643313
0.08694490017	901.2677896
0.08703317794	901.4024541
0.08705303315	901.4329394
0.08705897103	901.4420703
0.08719416169	901.6517082
0.08728243947	901.7904078
0.08728861007	901.7996838
0.08730488924	901.8241668
0.08731537766	901.8413014
0.08734283813	901.8862538
0.08735289792	901.9027546
0.08743785437	902.0355175
0.08748899552	902.1159345
0.08749101001	902.119093
0.08763274272	902.3425745
0.08763526931	902.3465808
0.08773825705	902.5105567
0.08774027154	902.5137772
0.08788200424	902.741617
0.08788453083	902.7457011
0.08798751857	902.9128439
0.08798953306	902.9161263
0.08813126576	903.1483246
0.08813379235	903.1524863
0.08813742886	903.1583085
0.08825836852	903.3530339
0.08829500415	903.4107572
0.08834421256	903.488169
0.08837728229	903.5401142
0.08837866211	903.5422802
0.08842139327	903.6093049
0.08851433644	903.7726365
0.08852824691	903.7970342
0.08855249705	903.8395372
0.08860440236	903.9303847
0.0886701729	904.0452525
0.0887188852	904.1299864
0.08873390351	904.1557271
0.08880549768	904.2784666
0.08882985383	904.3202338
0.08894379057	904.5156963
0.08896814673	904.5574967
0.08898316501	904.5832743
0.08905475919	904.7061901
0.08907911536	904.7480173
0.08919305208	904.9437603
0.08921740826	904.9856208
0.08923242651	905.0114353
0.08930402071	905.1345275
0.08932837689	905.1765472
0.08936128965	905.2319756
0.0894713816	905.4207987
0.08966161902	905.7457126
0.08970873229	905.8259111
0.08974029508	905.8795793
0.08974838189	905.893449
0.0897670278	905.9254424
0.08990117318	906.1561817
0.08997091066	906.2765285
0.08998955662	906.3087517
0.08999764344	906.3227329
0.09001628941	906.3549837
0.09015043478	906.5875739
0.09022017214	906.7088827
0.09023881816	906.7413633
0.09024690499	906.7554562
0.09031251181	906.8659253
0.09039536261	907.0045329
0.0904014869	907.0154359
0.09043452341	907.074108
0.09047924237	907.1531451
0.09049327785	907.177861
0.0905149822	907.2159959
0.09055418918	907.2846206
0.09060322633	907.3699748
0.09062543192	907.4080872
0.09068316682	907.5078691
0.09076623922	907.6509523
0.09077946229	907.6736744
0.09087469366	907.8368852
0.09093242983	907.9354664
0.09101550053	908.0768159
0.09102872404	908.0992632
0.09112395541	908.2604899
0.09118169284	908.3578702
0.09126476183	908.4974861
0.09127692362	908.5154186
0.09135604093	908.6451159
0.09137163248	908.6706444
0.09138314795	908.6894926
0.09149232983	908.8656545
0.09152813434	908.9232907
0.09157819695	909.0037685
0.09170728382	909.2145213
0.09173380052	909.2576863
0.09178633504	909.3430763
0.09182745919	909.409801
0.09195654658	909.61857
0.09198306031	909.6613226
0.09203559153	909.7458996
0.09207672143	909.8120013
0.09220580935	910.0187865
0.09222781111	910.0533721
0.09224394104	910.077093
0.09227243004	910.1189837
0.09230734863	910.1703191
0.09235231331	910.2364084
0.09240222492	910.3097485
0.09243064525	910.3562835
0.09243989497	910.3713751
0.09246015253	910.4043345
0.09250273034	910.4731963
0.09254370399	910.5389354
0.09257333782	910.5861576
0.09262430251	910.6676499
0.09263439871	910.6838926
0.09270577025	910.7946562
0.09271576108	910.8100665
0.09274537091	910.8556016
0.09288366825	911.0655747
0.09295502376	911.1721689
0.09296502808	911.187019
0.09299464045	911.230838
0.09313293779	911.4327782
0.09320427727	911.5352049
0.09322625212	911.5629401
0.09323170944	911.56986
0.0932540707	911.6034804
0.09329938768	911.6711478
0.09344729351	911.8876475
0.09344971585	911.8911377
0.09345770524	911.9026367
0.09346553669	911.9138895
0.09346751173	911.9169288
0.09347055129	911.9216062
0.09348353249	911.9415822
0.09349319336	911.9552264
0.09362826118	912.1459176
0.09363278833	912.1523069
0.09368182465	912.2215047
0.09368387888	912.2244032
0.0937575829	912.3283788
0.09381467026	912.406687
0.09390988319	912.5357224
0.09396393437	912.6081004
0.09400689251	912.6651728
0.09406388373	912.740272
0.09415909666	912.8641676
0.09421324889	912.933757
0.09425620212	912.9885032
0.09431309719	913.0604038
0.09436477211	913.1235777
0.09440718707	913.1752407
0.09447453871	913.2623023
0.09449170996	913.2842829
0.09450972358	913.3072475
0.09458610869	913.4035553
0.09473887893	913.5909673
0.09474976678	913.6040592
0.09475988639	913.6161957
0.09476503032	913.6223532
0.09476672687	913.6243823
0.0947736782	913.6326873
0.09477810601	913.6379699
0.09478040397	913.6407277
0.09491830579	913.8050465
0.09501117655	913.9144023
0.09502164425	913.9261271
0.09502195226	913.9264718
0.09502599738	913.9309964
0.0950348087	913.9408405
0.09503716504	913.9434703
0.09516940203	914.0892253
0.09518032158	914.1011003
0.09524847224	914.1746603
0.0952630699	914.1902924
0.09528896854	914.2179185
0.09529566671	914.225041
0.09533747199	914.273431
0.09534657485	914.2839936
0.09534729607	914.2848295
0.09544396053	914.3955877
0.09544428802	914.3959587
0.09549531148	914.4533935
0.09552369569	914.4850382
0.09557901629	914.5469208
0.0955815161	914.5497046
0.09565705679	914.6333173
0.09565871433	914.6351409
0.09570619355	914.6860181
0.09570761886	914.68754
0.09578474511	914.7694238
0.09590743141	914.8977778
0.09595406398	914.9459526
0.09595661944	914.9485828
0.09600917712	915.0024537
0.09615614849	915.1508239
0.09620193441	915.1963614
0.09620562003	915.2000129
0.09620886267	915.2032601
0.09622270904	915.2170914
0.09638079251	915.3710322
0.09639353409	915.3831219
0.09639427411	915.3838708
0.09640603841	915.3957702
0.09641350254	915.4033141
0.0964636969	915.453923
0.09648642666	915.476771
0.09653777376	915.5282255
0.0965520246	915.5424669
0.09665412415	915.6378714
0.0966892173	915.6702262
0.09677436598	915.7478012
0.09680124034	915.7720118
0.09690350549	915.8629415
0.09693852863	915.893646
0.09702367731	915.967366
0.09705555652	915.9913856
0.0971165574	916.038067
0.09715982319	916.0717498
0.09718393806	916.0907298
0.0971915554	916.0966674
0.09723326569	916.1292188
0.09730002997	916.1814612
0.09730106441	916.182272
0.09730156832	916.182667
0.09730181906	916.1828936
0.0974018528	916.2723934
0.09742853477	916.2959577
0.09746876807	916.3312446
0.09748619605	916.3464384
0.09751492487	916.3701383
0.09757193565	916.4167967
0.09769175662	916.5110914
0.0977256788	916.5375297
0.09775583464	916.5609372
0.09782120295	916.6113694
0.09794102321	916.7027171
0.09797492252	916.728304
0.09800511902	916.7510006
0.09807047026	916.7998125
0.09819028981	916.8882133
0.09821466636	916.9063743
0.09823182309	916.9191484
0.098276835	916.9526309
0.09835224034	917.0086205
0.0983940153	917.0395843
0.098492965	917.1163658
0.09850420506	917.1249501
0.09850464711	917.1252872
0.09855633958	917.164439
0.09858216417	917.1840564
0.09858763815	917.1882197
0.09867120471	917.2519915
0.09868097907	917.2594769
0.09868586216	917.2632186
0.09874154633	917.3024345
0.09879682108	917.3406702
0.09881440835	917.3526915
0.0989253932	917.4269422
0.09893510187	917.4333053
0.09899081197	917.4694067
0.09904606079	917.5045177
0.09906370631	917.5155864
0.09917469116	917.583595
0.09918112755	917.5873702
0.09919385372	917.594857
0.09930452719	917.6612223
0.09931356294	917.6667401
0.09934735914	917.6875112
0.0994141817	917.7291988
0.09941524317	917.7297846
0.0994210342	917.7329794
0.09942171403	917.7333543
0.09942499519	917.7351634
0.09950690713	917.7801007
0.09950810994	917.7808332
0.09955171623	917.807335
0.09966506957	917.8712582
0.09972697666	917.9059135
0.09972927428	917.9071962
0.09980113458	917.9471887
0.09991449817	918.0097838
0.09997606764	918.043526
0.09997870043	918.0449649
0.1000505529	918.0841076
0.1001639268	918.1453742
0.1001994299	918.1641791
0.1002038288	918.1664948
0.1002642308	918.1979722
0.1003243394	918.2287061
0.1003438565	918.2385586
0.1004271695	918.2874024
0.1004442072	918.2973251
0.1004677958	918.3110261
0.1005004094	918.328322
0.1005991316	918.3803411
0.1006836422	918.4266858
0.1007030078	918.4371627
0.1007121957	918.4421148
0.1008531	918.5165553
0.1009370057	918.5595421
0.1009565355	918.5694041
0.1009661642	918.5742464
0.1011070685	918.643599
0.1011903691	918.6832716
0.1012100606	918.6925057
0.1012201326	918.6972075
0.1013195455	918.7502872
0.1013418566	918.7623194
0.1013467989	918.7649907
0.1013843161	918.7832014
0.1014349305	918.8076262
0.1014682599	918.8236201
0.1015284981	918.8523458
0.1015503102	918.8626898
0.1015712423	918.8725879
0.1016025554	918.8805175
0.1017145388	918.9288283
0.101792044	918.9618122
0.1018096145	918.9692381
0.1018540963	918.9879528
0.1019660797	919.0345271
0.1020459283	919.0672644
0.1020551768	919.0710308
0.1021056372	919.0914876
0.1022176205	919.1363255
0.1022537438	919.1515638
0.1022967498	919.165761
0.1022980605	919.1661916
0.1023695568	919.1894841
0.1023702007	919.1896922
0.1024050608	919.2009102
0.1024331334	919.2098786
0.1025147005	919.2469734
0.1025391037	919.2579256
0.1025505821	919.263054
0.1025882488	919.2797783
0.1026256617	919.2962316
0.1026357935	919.3001715
0.1026791225	919.3170611
0.1028000744	919.3617903
0.1028401792	919.3763992
0.1028993848	919.3977638
0.1029508088	919.4161247
0.1030717607	919.4585934
0.1030841519	919.4628873
0.1031932351	919.5002327
0.1032224951	919.5101108
0.1033012321	919.5363998
0.1033281245	919.545281
0.1033434471	919.550319
0.1033551306	919.5546192
0.1034380231	919.5853209
0.1034583426	919.5928985
0.1034997509	919.6066047
0.1035244563	919.6147078
0.1035675011	919.6286929
0.1035946685	919.6374326
0.1036369769	919.650909
0.1036805935	919.6645356
0.1037334474	919.680895
0.1037520389	919.6866096
0.103895433	919.7299884
0.1039339072	919.7414173
0.1039844468	919.7562954
0.104010495	919.7639036
0.1041538892	919.8050575
0.1041872208	919.8144468
0.1042347266	919.8277135
0.1042689511	919.8371873
0.1043984152	919.8837809
0.1044349906	919.8961207
0.1044861694	919.9127784
0.1045068211	919.9183329
0.1045669533	919.934639
0.1046005782	919.9445797
0.1046214627	919.9507095
0.1046316823	919.9536967
0.1046353194	919.9547578
0.1046882221	919.9700755
0.1047200027	919.9791723
0.1047574997	919.9898039
0.1047589092	919.9902014
0.1047679412	919.9927448
0.1048970308	920.0175142
0.1049224732	920.0220782
0.1049568081	920.0299872
0.1049928939	920.0380288
0.1050264761	920.0452632
0.1051780691	920.0749291
0.1051808569	920.0754288
0.1051921927	920.0768037
0.1052361124	920.0823375
0.1052965828	920.0904945
0.105321272	920.094004
0.1053473059	920.0978171
0.1053711983	920.1014182
0.1054088657	920.1072931
0.105439379	920.1122294
0.1055024192	920.1229301
0.1055138562	920.1248185
0.1055934528	920.1375708
0.1056564273	920.1471767
0.1057060927	920.1544513
0.105791102	920.1662865
0.1058045407	920.1680862
0.1058601008	920.1753206
0.1059058023	920.1810221
0.1059097662	920.1815061
0.1059135818	920.1819703
0.1059718762	920.1850883
0.1059861929	920.1861407
0.1060557896	920.1928671
0.1061001948	920.2028109
0.1061560771	920.2148975
0.1061597337	920.2152865
0.106248863	920.2237544
0.1063041552	920.2280281
0.1063534874	920.2351023
0.1063970219	920.2410945
0.1064404075	920.2468325
0.1064555056	920.2482346
0.1064673489	920.2493519
0.1066131419	920.2643617
0.1066525385	920.2688163
0.1066592861	920.2695963
0.1066690941	920.2707389
0.1066808892	920.2721371
0.106772777	920.2828585
0.106811909	920.2873325
0.1068575353	920.2924795
0.106863877	920.293189
0.106869812	920.2938517
0.1069195795	920.2993589
0.1069774089	920.3056465
0.1070685089	920.3153082
0.1070909049	920.3160397
0.1071995689	920.3182764
0.1072677218	920.3185687
0.1072735888	920.3185538
0.1072798524	920.3185309
0.1073480053	920.3178146
0.1074686242	920.3144484
0.1074776287	920.3132219
0.1074818232	920.312653
0.1076169055	920.2951301
0.1076647768	920.3058681
0.1076696879	920.3069313
0.1076944565	920.3121844
0.1077371684	920.3208158
0.1078044145	920.3333091
0.1078128064	920.3335632
0.1078542351	920.3346717
0.1078819761	920.332616
0.1078826609	920.3323885
0.1078847106	920.3317059
0.1079527919	920.3077947
0.1079717173	920.3007206
0.1079761901	920.2990215
0.1080145182	920.2840365
0.1080391204	920.274016
0.1080767189	920.2757685
0.1081154195	920.2776724
0.1081476627	920.2793361
0.1082183144	920.2832277
0.1082470935	920.2821324
0.1082658858	920.2813266
0.1082929001	920.2800429
0.1083134573	920.278967
0.1083140119	920.2789368
0.1083184897	920.2786905
0.1084097094	920.2727901
0.1084816264	920.2669495
0.1085297525	920.2624556
0.1085921295	920.2587924
0.108671438	920.2536244
0.1086759445	920.2533136
0.1087072891	920.2511008
0.1088072309	920.2434493
0.1088163367	920.242707
0.108816576	920.2426874
0.1088546613	920.2395006
0.1089358008	920.2322717
0.1089657791	920.2284
0.1089836276	920.2260139
0.1090515777	920.2163774
0.1090941694	920.2098909
0.1091373763	920.2029593
0.1091515413	920.2006099
0.1091657063	920.1982223
0.1092673183	920.1799806
0.1093672819	920.160125
0.1093972602	920.1538012
0.1094178122	920.1484455
0.1094857224	920.1318958
0.1095157648	920.1268181
0.1095491175	920.1210708
0.1095660214	920.1178663
0.1096483477	920.1019767
0.1096940985	920.0929433
0.1097415895	920.0834128
0.1097644342	920.0787727
0.109780169	920.0755557
0.1098043118	920.0721892
0.1098270279	920.0689966
0.1099014517	920.0583666
0.1100171937	920.0413168
0.1100216465	920.0405122
0.110033678	920.0383109
0.1100338039	920.0382876
0.1100340279	920.0382462
0.1100420952	920.0367471
0.1100501624	920.0352301
0.1101811066	920.0080997
0.1102494186	919.9920718
0.1102578357	919.990008
0.1103177048	919.9821602
0.1103755683	919.9744279
0.1103830161	919.9734221
0.1103930471	919.9720637
0.1104530669	919.9638447
0.1105007603	919.9572025
0.1105132786	919.9554428
0.1105170476	919.9540699
0.1105255086	919.9509996
0.1106100959	919.9211794
0.1106455005	919.9091703
0.1106525189	919.9068228
0.1106587037	919.9047632
0.1107628382	919.8713625
0.1108076489	919.860729
0.1109074167	919.8354322
0.1109343726	919.8282131
0.1109785788	919.8160205
0.1110227849	919.8033883
0.1110235031	919.8031085
0.1110245314	919.802708
0.1111054294	919.771341
0.1111706248	919.7462721
0.1112004351	919.7348719
0.1112327361	919.7225633
0.111279799	919.7047118
0.1112932801	919.7018519
0.1113384482	919.6922291
0.1113790016	919.6835359
0.1114247628	919.6736654
0.111449235	919.669363
0.1114770029	919.6643052
0.1114806867	919.6636202
0.1114849616	919.6628211
0.1115468763	919.6502245
0.1115898325	919.6421928
0.1116499414	919.6262813
0.1117100504	919.6100326
0.1118152663	919.5807789
0.111865682	919.5663955
0.1119160977	919.5517749
0.1120213137	919.5204981
0.1120814226	919.5021662
0.1121184825	919.4878536
0.1121197551	919.4873768
0.1121675954	919.4701633
0.1121689551	919.4696942
0.1122071812	919.4569642
0.1122515125	919.4433056
0.1122677159	919.4386092
0.1122769534	919.4360028
0.1123167631	919.4222983
0.112431055	919.3817972
0.1124765338	919.3652042
0.1124926939	919.3592427
0.112508854	919.353247
0.1125543328	919.3361895
0.1126686247	919.2921238
0.1127217044	919.2695676
0.112797899	919.238783
0.112849765	919.2189028
0.1128801813	919.2118126
0.1129057273	919.2056861
0.1129480527	919.1951912
0.1130372606	919.171664
0.113060325	919.1652706
0.1130822817	919.1590656
0.1131054874	919.152382
0.1131142073	919.150158
0.1131440919	919.1426275
0.1132191508	919.1207865
0.113294702	919.0975354
0.1133508727	919.079425
0.1134344953	919.051162
0.1134584469	919.0427799
0.113468075	919.0393744
0.1135065356	919.025565
0.113517821	919.0214504
0.1136257156	918.9806813
0.1136334411	918.9779682
0.1136452924	918.9737979
0.113709749	918.950938
0.1137730817	918.9281835
0.1137873499	918.923017
0.113861033	918.8961016
0.1138914108	918.8884664
0.1139027907	918.8855913
0.1139096288	918.8838597
0.1139210742	918.880955
0.1139506448	918.8734122
0.1140061978	918.8590939
0.1140165201	918.8564122
0.1140453482	918.8488872
0.1140867368	918.8379925
0.1141307859	918.8237892
0.1141678941	918.8119902
0.1141827822	918.8072991
0.1142171592	918.7965606
0.1142347785	918.7911074
0.1143024773	918.7704732
0.1143701762	918.7503449
0.1143777848	918.7481143
0.1143985228	918.7420671
0.1145182179	918.7080919
0.1145622671	918.6959868
0.1145712553	918.6925398
0.1146079636	918.678666
0.1146183171	918.6754661
0.1146377098	918.6695065
0.114685232	918.6627736
0.1147890229	918.6478416
0.114797709	918.6465778
0.1147992131	918.6463587
0.1148016443	918.645478
0.1148119001	918.6417659
0.1148460408	918.6294472
0.1148628792	918.622102
0.1149953793	918.5649469
0.1150724034	918.5322465
0.1150751456	918.531585
0.115121365	918.5205435
0.1152119834	918.4994897
0.1152322149	918.4942422
0.1152524465	918.489017
0.1152808524	918.4817179
0.1154040743	918.4505613
0.1154479555	918.4396646
0.1154918367	918.4288723
0.1156150587	918.399124
0.1156434646	918.392383
0.1156636961	918.3876084
0.1156839276	918.3824808
0.1156922723	918.3803723
0.1157597415	918.363466
0.1157993567	918.353656
0.1158355555	918.3447674
0.1158794366	918.3340892
0.1159233178	918.3235168
0.1159425508	918.3189163
0.1159754821	918.3110865
0.1160410711	918.2956697
0.1160951772	918.2831301
0.1161154087	918.2784826
0.1161887206	918.2566474
0.1162214951	918.2471719
0.1162736012	918.2400544
0.1164560654	918.2183456
0.1164637225	918.217544
0.1164835054	918.2155136
0.1164976097	918.214102
0.1164993357	918.2137174
0.1165133182	918.2106119
0.1165270339	918.2062199
0.1165390823	918.2023949
0.1165491821	918.1992123
0.1166742163	918.1616097
0.1166954712	918.1555483
0.1167097287	918.1515362
0.1167619884	918.1372003
0.1167940106	918.1341123
0.116866177	918.1283009
0.1168907358	918.1242492
0.1169152946	918.1202442
0.1170173303	918.1041054
0.1170582679	918.0978573
0.1171064763	918.090666
0.1171546848	918.0836548
0.1171956224	918.0778426
0.1172976581	918.0639213
0.1173222169	918.0606911
0.1173467757	918.056492
0.1173558976	918.0549304
0.1174182624	918.0442256
0.1174637365	918.036389
0.117489749	918.0318945
0.1175379575	918.0235423
0.1175861659	918.0151606
0.1176029736	918.0122314
0.1176340029	918.0068144
0.117753698	917.985804
0.1177782568	917.9814707
0.1177984926	917.9774684
0.117880294	917.9625261
0.11790698	917.9577343
0.1179429275	917.9511845
0.1179663923	917.9468504
0.1179924128	917.9419899
0.1180229635	917.9362103
0.1181366234	917.9275264
0.1181564441	917.9260681
0.1182273172	917.9209894
0.1183470123	917.9075522
0.1183475482	917.9074941
0.118347828	917.9074778
0.1183482513	917.9074532
0.1183927134	917.9052003
0.1184308369	917.9037857
0.1184604637	917.9030162
0.1185052861	917.9024002
0.1185391291	917.8997573
0.1185729721	917.8971203
0.1186130661	917.8940041
0.1186351745	917.8922894
0.1187548697	917.8830506
0.118765063	917.8822672
0.1188509151	917.8756916
0.1188955704	917.8720199
0.1189274198	917.8695896
0.1189535552	917.8677125
0.1190359155	917.8624883
0.1191200016	917.858237
0.1191259464	917.8579778
0.1191385556	917.8574462
0.1191515284	917.8566993
0.1191742266	917.8554184
0.1193422748	917.8469674
0.1193445858	917.8468638
0.1193542962	917.8464325
0.1193663175	917.845907
0.1194764946	917.8392063
0.1195000262	917.8381029
0.1195091199	917.8377075
0.1195203295	917.8372437
0.1195465937	917.8362596
0.1196334455	917.834029
0.1196383438	917.83395
0.1196603489	917.8336569
0.1196912505	917.8334156
0.1197593857	917.8335867
0.1197969116	917.8318895
0.1198442509	917.8299726
0.1198539161	917.8280906
0.119871152	917.8247737
0.1199128468	917.8169589
0.1199398169	917.8120613
0.1199642781	917.8077262
0.12	917.8113224
