[40, 2.98, 0.79]
[45, 3.03, 0.76]
[50, 3.06, 0.75]
[55, 3.08, 0.72]
[60, 3.12, 0.71]
[65, 3.15, 0.68]
[70, 3.17, 0.65]
[75, 3.2, 0.64]
[80, 3.23, 0.64]
[85, 3.25, 0.63]
[90, 3.3, 0.58]
[95, 3.33, 0.58]
[100, 3.36, 0.56]
[105, 3.37, 0.56]
[110, 3.4, 0.53]
[115, 3.44, 0.51]
[120, 3.46, 0.49]
[125, 3.49, 0.46]
[130, 3.51, 0.46]
[135, 3.54, 0.45]
[140, 3.56, 0.44]
[145, 3.62, 0.42]
[150, 3.65, 0.38]
[155, 3.71, 0.36]
[160, 3.75, 0.32]
[165, 3.78, 0.3]
[170, 3.84, 0.24]
[175, 4.21, 0.19]
[180, 4.25, 0.15]
[185, 4.24, 0.21]
[190, 4.19, 0.39]
