[40, 3.28, 0.92]
[45, 3.29, 0.9]
[50, 3.33, 0.88]
[55, 3.35, 0.86]
[60, 3.37, 0.85]
[65, 3.4, 0.83]
[70, 3.43, 0.81]
[75, 3.48, 0.79]
[80, 3.52, 0.76]
[85, 3.55, 0.73]
[90, 3.58, 0.71]
[95, 3.63, 0.68]
[100, 3.65, 0.68]
[105, 3.68, 0.66]
[110, 3.72, 0.63]
[115, 3.76, 0.59]
[120, 3.79, 0.59]
[125, 3.83, 0.57]
[130, 3.86, 0.55]
[135, 3.92, 0.52]
[140, 4.01, 0.5]
[145, 4.03, 0.46]
[150, 4.04, 0.43]
[155, 4.06, 0.42]
[160, 4.12, 0.41]
[165, 4.18, 0.4]
[170, 4.21, 0.39]
[175, 4.26, 0.36]
[180, 4.33, 0.33]
[185, 4.42, 0.31]
[190, 4.38, 0.31]
[195, 4.33, 0.3]
[200, 4.38, 0.27]
[205, 4.42, 0.24]
[210, 4.45, 0.25]
[215, 4.47, 0.26]
[220, 4.47, 0.32]
[225, 4.46, 0.39]
[230, 4.43, 0.54]
