[40, 3.36, 0.92]
[45, 3.42, 0.91]
[50, 3.45, 0.89]
[55, 3.48, 0.86]
[60, 3.52, 0.84]
[65, 3.56, 0.82]
[70, 3.6, 0.79]
[75, 3.64, 0.76]
[80, 3.64, 0.75]
[85, 3.69, 0.72]
[90, 3.72, 0.7]
[95, 3.75, 0.67]
[100, 3.79, 0.65]
[105, 3.81, 0.64]
[110, 3.84, 0.63]
[115, 3.88, 0.59]
[120, 3.9, 0.59]
[125, 3.93, 0.57]
[130, 3.99, 0.53]
[135, 4.03, 0.52]
[140, 4.06, 0.49]
[145, 4.12, 0.45]
[150, 4.16, 0.43]
[155, 4.2, 0.42]
[160, 4.21, 0.41]
[165, 4.25, 0.39]
[170, 4.28, 0.37]
[175, 4.31, 0.36]
[180, 4.36, 0.34]
[185, 4.39, 0.31]
[190, 4.44, 0.29]
[195, 4.47, 0.29]
[200, 4.51, 0.28]
[205, 4.54, 0.28]
[210, 4.58, 0.27]
[215, 4.61, 0.28]
[220, 4.63, 0.3]
[225, 4.67, 0.29]
[230, 4.69, 0.31]
[235, 4.72, 0.33]
[240, 4.75, 0.35]
[245, 4.76, 0.4]
[250, 4.79, 0.45]
[255, 4.75, 0.54]
[260, 4.74, 0.61]
[265, 4.71, 0.82]
