[40, 2.8, 0.84]
[45, 2.81, 0.84]
[50, 2.84, 0.82]
[55, 2.87, 0.8]
[60, 2.91, 0.78]
[65, 2.95, 0.77]
[70, 2.99, 0.76]
[75, 3.03, 0.73]
[80, 3.05, 0.72]
[85, 3.06, 0.71]
[90, 3.09, 0.69]
[95, 3.14, 0.67]
[100, 3.18, 0.64]
[105, 3.21, 0.63]
[110, 3.25, 0.62]
[115, 3.3, 0.58]
[120, 3.32, 0.57]
[125, 3.34, 0.57]
[130, 3.39, 0.54]
[135, 3.41, 0.52]
[140, 3.44, 0.5]
[145, 3.48, 0.5]
[150, 3.51, 0.49]
[155, 3.55, 0.48]
[160, 3.58, 0.48]
[165, 3.62, 0.45]
[170, 3.67, 0.42]
[175, 3.71, 0.4]
[180, 3.75, 0.39]
[185, 3.78, 0.36]
[190, 3.82, 0.34]
[195, 3.85, 0.33]
[200, 3.88, 0.33]
[205, 3.93, 0.32]
[210, 4.17, 0.33]
