[40, 3.58, 0.73]
[45, 3.66, 0.67]
[50, 3.7, 0.63]
[55, 3.74, 0.59]
[60, 3.78, 0.55]
[65, 3.86, 0.51]
[70, 3.93, 0.46]
[75, 3.99, 0.41]
[80, 4.02, 0.38]
[85, 4.07, 0.35]
[90, 4.14, 0.31]
[95, 4.19, 0.28]
[100, 4.25, 0.25]
[105, 4.28, 0.24]
[110, 4.33, 0.23]
[115, 4.37, 0.22]
[120, 4.39, 0.24]
[125, 4.45, 0.22]
[130, 4.5, 0.23]
[135, 4.5, 0.27]
[140, 4.53, 0.32]
[145, 4.59, 0.35]
[150, 4.62, 0.37]
[155, 4.67, 0.43]
[160, 4.71, 0.47]
[165, 4.74, 0.52]
[170, 4.77, 0.58]
[175, 4.8, 0.64]
[180, 4.88, 0.66]
[185, 4.92, 0.73]
[190, 4.99, 0.79]
[195, 5.02, 0.85]
[200, 5.08, 0.96]
