[40, 3.18, 0.76]
[45, 3.21, 0.74]
[50, 3.26, 0.72]
[55, 3.27, 0.7]
[60, 3.32, 0.69]
[65, 3.35, 0.67]
[70, 3.38, 0.65]
[75, 3.4, 0.64]
[80, 3.44, 0.61]
[85, 3.46, 0.59]
[90, 3.48, 0.57]
[95, 3.52, 0.55]
[100, 3.53, 0.53]
[105, 3.56, 0.51]
[110, 3.58, 0.49]
[115, 3.62, 0.48]
[120, 3.68, 0.44]
[125, 3.72, 0.44]
[130, 3.77, 0.42]
[135, 3.79, 0.4]
[140, 3.82, 0.38]
[145, 3.85, 0.37]
[150, 3.88, 0.38]
[155, 3.95, 0.34]
[160, 3.99, 0.32]
[165, 4.01, 0.31]
[170, 4.07, 0.28]
[175, 4.09, 0.28]
[180, 4.11, 0.28]
[185, 4.16, 0.27]
[190, 4.22, 0.22]
[195, 4.24, 0.21]
[200, 4.29, 0.21]
[205, 4.33, 0.22]
[210, 4.34, 0.26]
[215, 4.35, 0.32]
[220, 4.32, 0.53]
