[40, 3.3, 0.85]
[45, 3.3, 0.84]
[50, 3.33, 0.81]
[55, 3.37, 0.78]
[60, 3.39, 0.76]
[65, 3.42, 0.75]
[70, 3.44, 0.74]
[75, 3.48, 0.72]
[80, 3.52, 0.71]
[85, 3.55, 0.7]
[90, 3.59, 0.68]
[95, 3.63, 0.65]
[100, 3.65, 0.65]
[105, 3.68, 0.62]
[110, 3.72, 0.6]
[115, 3.76, 0.58]
[120, 3.79, 0.58]
[125, 3.82, 0.55]
[130, 3.85, 0.53]
[135, 3.89, 0.49]
[140, 3.92, 0.48]
[145, 3.96, 0.46]
[150, 3.98, 0.45]
[155, 4.03, 0.42]
[160, 4.07, 0.4]
[165, 4.1, 0.39]
[170, 4.14, 0.37]
[175, 4.17, 0.35]
[180, 4.2, 0.34]
[185, 4.23, 0.31]
[190, 4.3, 0.28]
[195, 4.32, 0.24]
[200, 4.35, 0.23]
[205, 4.4, 0.22]
[210, 4.42, 0.25]
[215, 4.38, 0.36]
[220, 4.37, 0.56]
[225, 4.34, 0.66]
[230, 4.42, 0.73]
