[40, 3.61, 0.79]
[45, 3.65, 0.77]
[50, 3.69, 0.74]
[55, 3.73, 0.71]
[60, 3.75, 0.7]
[65, 3.78, 0.68]
[70, 3.81, 0.66]
[75, 3.84, 0.64]
[80, 3.87, 0.62]
[85, 3.91, 0.59]
[90, 3.97, 0.55]
[95, 4.02, 0.52]
[100, 4.06, 0.5]
[105, 4.09, 0.48]
[110, 4.13, 0.46]
[115, 4.17, 0.43]
[120, 4.2, 0.41]
[125, 4.24, 0.38]
[130, 4.27, 0.36]
[135, 4.32, 0.33]
[140, 4.35, 0.32]
[145, 4.38, 0.31]
[150, 4.43, 0.29]
[155, 4.46, 0.28]
[160, 4.5, 0.27]
[165, 4.53, 0.26]
[170, 4.56, 0.26]
[175, 4.6, 0.26]
[180, 4.62, 0.28]
[185, 4.65, 0.3]
[190, 4.68, 0.31]
[195, 4.71, 0.33]
[200, 4.71, 0.36]
[205, 4.73, 0.39]
[210, 4.79, 0.41]
[215, 4.79, 0.45]
[220, 4.83, 0.49]
[225, 4.86, 0.52]
[230, 4.89, 0.54]
[235, 4.94, 0.61]
[240, 4.97, 0.66]
