[40, 3.83, 0.84]
[45, 3.85, 0.81]
[50, 3.87, 0.79]
[55, 3.89, 0.76]
[60, 3.89, 0.74]
[65, 3.92, 0.72]
[70, 3.94, 0.7]
[75, 3.96, 0.69]
[80, 3.98, 0.65]
[85, 3.99, 0.64]
[90, 4.0, 0.61]
[95, 4.03, 0.6]
[100, 4.05, 0.58]
[105, 4.06, 0.56]
[110, 4.08, 0.52]
[115, 4.11, 0.51]
[120, 4.12, 0.5]
[125, 4.14, 0.47]
[130, 4.16, 0.46]
[135, 4.17, 0.43]
[140, 4.2, 0.41]
[145, 4.22, 0.39]
[150, 4.24, 0.35]
[155, 4.26, 0.34]
[160, 4.29, 0.32]
[165, 4.3, 0.32]
[170, 4.33, 0.3]
[175, 4.36, 0.27]
[180, 4.37, 0.26]
[185, 4.39, 0.25]
[190, 4.42, 0.25]
[195, 4.44, 0.26]
[200, 4.46, 0.26]
[205, 4.49, 0.28]
[210, 4.51, 0.3]
[215, 4.54, 0.31]
[220, 4.56, 0.34]
[225, 4.59, 0.4]
[230, 4.6, 0.48]
