[40, 3.58, 0.81]
[45, 3.58, 0.81]
[50, 3.62, 0.78]
[55, 3.65, 0.77]
[60, 3.67, 0.75]
[65, 3.71, 0.73]
[70, 3.74, 0.7]
[75, 3.78, 0.66]
[80, 3.8, 0.66]
[85, 3.83, 0.65]
[90, 3.87, 0.62]
[95, 3.91, 0.6]
[100, 3.94, 0.59]
[105, 3.97, 0.58]
[110, 4.0, 0.57]
[115, 4.05, 0.56]
[120, 4.08, 0.54]
[125, 4.12, 0.53]
[130, 4.17, 0.49]
[135, 4.2, 0.48]
[140, 4.24, 0.46]
[145, 4.29, 0.41]
[150, 4.32, 0.42]
[155, 4.35, 0.4]
[160, 4.38, 0.39]
[165, 4.42, 0.37]
[170, 4.44, 0.36]
[175, 4.48, 0.34]
[180, 4.53, 0.3]
[185, 4.56, 0.3]
[190, 4.58, 0.31]
[195, 4.63, 0.3]
[200, 4.67, 0.28]
[205, 4.71, 0.27]
[210, 4.73, 0.29]
[215, 4.75, 0.3]
[220, 4.8, 0.29]
[225, 4.85, 0.31]
[230, 4.85, 0.34]
[235, 4.87, 0.4]
[240, 4.88, 0.47]
[245, 4.82, 0.66]
