[40, 3.43, 0.86]
[45, 3.45, 0.85]
[50, 3.48, 0.82]
[55, 3.52, 0.79]
[60, 3.54, 0.78]
[65, 3.58, 0.76]
[70, 3.61, 0.74]
[75, 3.65, 0.71]
[80, 3.65, 0.71]
[85, 3.69, 0.68]
[90, 3.71, 0.67]
[95, 3.73, 0.65]
[100, 3.79, 0.62]
[105, 3.81, 0.6]
[110, 3.84, 0.58]
[115, 3.88, 0.55]
[120, 3.91, 0.52]
[125, 3.94, 0.52]
[130, 3.98, 0.5]
[135, 4.02, 0.47]
[140, 4.09, 0.46]
[145, 4.11, 0.43]
[150, 4.13, 0.42]
[155, 4.17, 0.39]
[160, 4.21, 0.38]
[165, 4.24, 0.37]
[170, 4.28, 0.34]
[175, 4.33, 0.32]
[180, 4.35, 0.31]
[185, 4.4, 0.29]
[190, 4.42, 0.27]
[195, 4.46, 0.27]
[200, 4.48, 0.27]
[205, 4.53, 0.25]
[210, 4.56, 0.24]
[215, 4.59, 0.26]
[220, 4.6, 0.28]
[225, 4.62, 0.29]
[230, 4.67, 0.31]
[235, 4.69, 0.34]
[240, 4.69, 0.36]
[245, 4.71, 0.42]
[250, 4.68, 0.53]
[255, 4.65, 0.66]
[260, 4.63, 0.77]
