[40, 3.44, 0.85]
[45, 3.47, 0.82]
[50, 3.5, 0.8]
[55, 3.53, 0.77]
[60, 3.55, 0.76]
[65, 3.58, 0.75]
[70, 3.63, 0.72]
[75, 3.65, 0.71]
[80, 3.7, 0.69]
[85, 3.74, 0.66]
[90, 3.78, 0.63]
[95, 3.79, 0.62]
[100, 3.82, 0.6]
[105, 3.85, 0.58]
[110, 3.89, 0.54]
[115, 3.91, 0.52]
[120, 3.94, 0.52]
[125, 4.0, 0.48]
[130, 4.04, 0.46]
[135, 4.07, 0.44]
[140, 4.1, 0.42]
[145, 4.14, 0.4]
[150, 4.17, 0.39]
[155, 4.21, 0.35]
[160, 4.25, 0.33]
[165, 4.3, 0.31]
[170, 4.35, 0.29]
[175, 4.38, 0.28]
[180, 4.42, 0.26]
[185, 4.46, 0.25]
[190, 4.5, 0.25]
[195, 4.54, 0.25]
[200, 4.56, 0.26]
[205, 4.6, 0.29]
[210, 4.61, 0.31]
[215, 4.63, 0.35]
[220, 4.66, 0.41]
[225, 4.67, 0.5]
