[40, 3.42, 0.89]
[45, 3.43, 0.88]
[50, 3.48, 0.85]
[55, 3.52, 0.83]
[60, 3.54, 0.81]
[65, 3.58, 0.79]
[70, 3.61, 0.77]
[75, 3.64, 0.74]
[80, 3.67, 0.72]
[85, 3.68, 0.71]
[90, 3.71, 0.7]
[95, 3.74, 0.67]
[100, 3.77, 0.65]
[105, 3.81, 0.62]
[110, 3.83, 0.61]
[115, 3.87, 0.59]
[120, 3.89, 0.57]
[125, 3.94, 0.55]
[130, 3.98, 0.53]
[135, 4.02, 0.49]
[140, 4.05, 0.47]
[145, 4.08, 0.45]
[150, 4.13, 0.42]
[155, 4.16, 0.4]
[160, 4.19, 0.4]
[165, 4.21, 0.39]
[170, 4.26, 0.37]
[175, 4.29, 0.36]
[180, 4.32, 0.36]
[185, 4.37, 0.32]
[190, 4.41, 0.29]
[195, 4.46, 0.27]
[200, 4.47, 0.28]
[205, 4.49, 0.27]
[210, 4.52, 0.27]
[215, 4.55, 0.26]
[220, 4.58, 0.26]
[225, 4.61, 0.29]
[230, 4.63, 0.3]
[235, 4.66, 0.32]
[240, 4.69, 0.35]
[245, 4.7, 0.38]
[250, 4.69, 0.44]
[255, 4.7, 0.5]
[260, 4.69, 0.59]
[265, 4.7, 0.66]
