[40, 3.28, 0.73]
[45, 3.31, 0.7]
[50, 3.35, 0.67]
[55, 3.39, 0.63]
[60, 3.4, 0.62]
[65, 3.46, 0.57]
[70, 3.47, 0.58]
[75, 3.51, 0.56]
[80, 3.56, 0.54]
[85, 3.6, 0.52]
[90, 3.65, 0.49]
[95, 3.69, 0.46]
[100, 3.71, 0.46]
[105, 3.74, 0.44]
[110, 3.77, 0.42]
[115, 3.81, 0.4]
[120, 3.85, 0.37]
[125, 3.9, 0.35]
[130, 3.95, 0.32]
[135, 4.02, 0.29]
[140, 4.08, 0.24]
[145, 4.13, 0.23]
[150, 4.16, 0.26]
[155, 4.21, 0.25]
[160, 4.26, 0.23]
[165, 4.31, 0.21]
[170, 4.35, 0.23]
[175, 4.38, 0.27]
[180, 4.46, 0.26]
[185, 4.5, 0.28]
[190, 4.52, 0.31]
[195, 4.59, 0.33]
[200, 4.65, 0.44]
