[40, 3.22, 0.84]
[45, 3.23, 0.84]
[50, 3.25, 0.82]
[55, 3.27, 0.8]
[60, 3.3, 0.78]
[65, 3.33, 0.77]
[70, 3.37, 0.76]
[75, 3.39, 0.73]
[80, 3.41, 0.72]
[85, 3.42, 0.71]
[90, 3.44, 0.69]
[95, 3.47, 0.67]
[100, 3.5, 0.64]
[105, 3.52, 0.63]
[110, 3.56, 0.62]
[115, 3.59, 0.58]
[120, 3.61, 0.57]
[125, 3.63, 0.57]
[130, 3.66, 0.54]
[135, 3.67, 0.52]
[140, 3.69, 0.5]
[145, 3.73, 0.5]
[150, 3.76, 0.49]
[155, 3.79, 0.48]
[160, 3.82, 0.48]
[165, 3.85, 0.45]
[170, 3.88, 0.42]
[175, 3.91, 0.4]
[180, 3.94, 0.39]
[185, 3.96, 0.36]
[190, 3.99, 0.34]
[195, 4.02, 0.33]
[200, 4.05, 0.33]
[205, 4.09, 0.32]
[210, 4.34, 0.33]
