[40, 3.94, 0.73]
[45, 3.99, 0.67]
[50, 4.02, 0.63]
[55, 4.03, 0.59]
[60, 4.06, 0.55]
[65, 4.11, 0.51]
[70, 4.16, 0.46]
[75, 4.19, 0.41]
[80, 4.21, 0.38]
[85, 4.24, 0.35]
[90, 4.3, 0.31]
[95, 4.33, 0.28]
[100, 4.37, 0.25]
[105, 4.4, 0.24]
[110, 4.44, 0.23]
[115, 4.48, 0.22]
[120, 4.51, 0.24]
[125, 4.56, 0.22]
[130, 4.61, 0.23]
[135, 4.64, 0.27]
[140, 4.69, 0.32]
[145, 4.77, 0.35]
[150, 4.81, 0.37]
[155, 4.88, 0.43]
[160, 4.94, 0.47]
[165, 5.0, 0.52]
[170, 5.06, 0.58]
[175, 5.12, 0.64]
[180, 5.21, 0.66]
[185, 5.28, 0.73]
[190, 5.39, 0.79]
[195, 5.44, 0.85]
[200, 5.56, 0.96]
