[40, 3.38, 0.79]
[45, 3.41, 0.76]
[50, 3.44, 0.75]
[55, 3.44, 0.72]
[60, 3.47, 0.71]
[65, 3.49, 0.68]
[70, 3.5, 0.65]
[75, 3.52, 0.64]
[80, 3.55, 0.64]
[85, 3.57, 0.63]
[90, 3.59, 0.58]
[95, 3.62, 0.58]
[100, 3.64, 0.56]
[105, 3.65, 0.56]
[110, 3.66, 0.53]
[115, 3.69, 0.51]
[120, 3.7, 0.49]
[125, 3.72, 0.46]
[130, 3.74, 0.46]
[135, 3.77, 0.45]
[140, 3.78, 0.44]
[145, 3.83, 0.42]
[150, 3.84, 0.38]
[155, 3.89, 0.36]
[160, 3.91, 0.32]
[165, 3.93, 0.3]
[170, 3.96, 0.24]
[175, 4.31, 0.19]
[180, 4.33, 0.15]
[185, 4.35, 0.21]
[190, 4.39, 0.39]
