[40, 3.9, 0.68]
[45, 3.92, 0.66]
[50, 3.95, 0.65]
[55, 3.96, 0.63]
[60, 3.98, 0.59]
[65, 3.99, 0.58]
[70, 4.03, 0.57]
[75, 4.05, 0.54]
[80, 4.07, 0.51]
[85, 4.08, 0.51]
[90, 4.11, 0.48]
[95, 4.12, 0.45]
[100, 4.13, 0.43]
[105, 4.15, 0.41]
[110, 4.18, 0.41]
[115, 4.2, 0.38]
[120, 4.23, 0.35]
[125, 4.26, 0.33]
[130, 4.27, 0.31]
[135, 4.29, 0.29]
[140, 4.32, 0.27]
[145, 4.35, 0.25]
[150, 4.38, 0.24]
[155, 4.41, 0.21]
[160, 4.44, 0.2]
[165, 4.46, 0.2]
[170, 4.49, 0.2]
[175, 4.52, 0.21]
[180, 4.56, 0.19]
[185, 4.59, 0.22]
[190, 4.62, 0.23]
[195, 4.64, 0.22]
[200, 4.68, 0.25]
[205, 4.72, 0.26]
[210, 4.75, 0.28]
[215, 4.78, 0.3]
[220, 4.82, 0.33]
[225, 4.87, 0.37]
[230, 4.9, 0.39]
[235, 4.94, 0.41]
[240, 4.97, 0.44]
[245, 5.0, 0.46]
[250, 5.05, 0.5]
[255, 5.1, 0.53]
[260, 5.14, 0.56]
[265, 5.19, 0.63]
[270, 5.26, 0.74]
