[40, 3.56, 0.76]
[45, 3.58, 0.74]
[50, 3.62, 0.72]
[55, 3.62, 0.7]
[60, 3.66, 0.69]
[65, 3.68, 0.67]
[70, 3.71, 0.65]
[75, 3.72, 0.64]
[80, 3.74, 0.61]
[85, 3.75, 0.59]
[90, 3.77, 0.57]
[95, 3.79, 0.55]
[100, 3.8, 0.53]
[105, 3.81, 0.51]
[110, 3.83, 0.49]
[115, 3.86, 0.48]
[120, 3.9, 0.44]
[125, 3.94, 0.44]
[130, 3.98, 0.42]
[135, 3.99, 0.4]
[140, 4.01, 0.38]
[145, 4.04, 0.37]
[150, 4.07, 0.38]
[155, 4.12, 0.34]
[160, 4.15, 0.32]
[165, 4.17, 0.31]
[170, 4.21, 0.28]
[175, 4.23, 0.28]
[180, 4.25, 0.28]
[185, 4.29, 0.27]
[190, 4.33, 0.22]
[195, 4.35, 0.21]
[200, 4.4, 0.21]
[205, 4.44, 0.22]
[210, 4.47, 0.26]
[215, 4.51, 0.32]
[220, 4.58, 0.53]
