[40, 4.19, 0.89]
[45, 4.17, 0.87]
[50, 4.16, 0.82]
[55, 4.17, 0.79]
[60, 4.18, 0.78]
[65, 4.2, 0.77]
[70, 4.2, 0.74]
[75, 4.2, 0.71]
[80, 4.21, 0.7]
[85, 4.22, 0.68]
[90, 4.23, 0.66]
[95, 4.24, 0.64]
[100, 4.24, 0.6]
[105, 4.25, 0.58]
[110, 4.25, 0.53]
[115, 4.26, 0.52]
[120, 4.27, 0.51]
[125, 4.29, 0.48]
[130, 4.3, 0.47]
[135, 4.31, 0.46]
[140, 4.33, 0.44]
[145, 4.33, 0.41]
[150, 4.34, 0.38]
[155, 4.35, 0.37]
[160, 4.35, 0.35]
[165, 4.37, 0.34]
[170, 4.38, 0.31]
[175, 4.38, 0.28]
[180, 4.39, 0.25]
[185, 4.4, 0.21]
[190, 4.41, 0.21]
[195, 4.45, 0.24]
[200, 4.5, 0.32]
[205, 4.57, 0.44]
