[40, 3.74, 0.92]
[45, 3.74, 0.9]
[50, 3.77, 0.88]
[55, 3.78, 0.86]
[60, 3.79, 0.85]
[65, 3.82, 0.83]
[70, 3.84, 0.81]
[75, 3.87, 0.79]
[80, 3.9, 0.76]
[85, 3.92, 0.73]
[90, 3.94, 0.71]
[95, 3.97, 0.68]
[100, 3.99, 0.68]
[105, 4.01, 0.66]
[110, 4.03, 0.63]
[115, 4.06, 0.59]
[120, 4.08, 0.59]
[125, 4.12, 0.57]
[130, 4.14, 0.55]
[135, 4.18, 0.52]
[140, 4.26, 0.5]
[145, 4.26, 0.46]
[150, 4.25, 0.43]
[155, 4.27, 0.42]
[160, 4.33, 0.41]
[165, 4.38, 0.4]
[170, 4.41, 0.39]
[175, 4.44, 0.36]
[180, 4.5, 0.33]
[185, 4.57, 0.31]
[190, 4.53, 0.31]
[195, 4.48, 0.3]
[200, 4.52, 0.27]
[205, 4.54, 0.24]
[210, 4.57, 0.25]
[215, 4.6, 0.26]
[220, 4.63, 0.32]
[225, 4.66, 0.39]
[230, 4.7, 0.54]
