[40, 4.25, 0.84]
[45, 4.26, 0.81]
[50, 4.27, 0.79]
[55, 4.27, 0.76]
[60, 4.26, 0.74]
[65, 4.28, 0.72]
[70, 4.29, 0.7]
[75, 4.3, 0.69]
[80, 4.31, 0.65]
[85, 4.31, 0.64]
[90, 4.31, 0.61]
[95, 4.33, 0.6]
[100, 4.34, 0.58]
[105, 4.34, 0.56]
[110, 4.34, 0.52]
[115, 4.36, 0.51]
[120, 4.37, 0.5]
[125, 4.38, 0.47]
[130, 4.39, 0.46]
[135, 4.39, 0.43]
[140, 4.4, 0.41]
[145, 4.42, 0.39]
[150, 4.41, 0.35]
[155, 4.43, 0.34]
[160, 4.45, 0.32]
[165, 4.46, 0.32]
[170, 4.48, 0.3]
[175, 4.49, 0.27]
[180, 4.5, 0.26]
[185, 4.52, 0.25]
[190, 4.55, 0.25]
[195, 4.57, 0.26]
[200, 4.59, 0.26]
[205, 4.63, 0.28]
[210, 4.66, 0.3]
[215, 4.69, 0.31]
[220, 4.73, 0.34]
[225, 4.79, 0.4]
[230, 4.84, 0.48]
