[40, 4.01, 0.79]
[45, 4.03, 0.77]
[50, 4.06, 0.74]
[55, 4.08, 0.71]
[60, 4.1, 0.7]
[65, 4.12, 0.68]
[70, 4.14, 0.66]
[75, 4.16, 0.64]
[80, 4.18, 0.62]
[85, 4.2, 0.59]
[90, 4.24, 0.55]
[95, 4.28, 0.52]
[100, 4.31, 0.5]
[105, 4.33, 0.48]
[110, 4.36, 0.46]
[115, 4.38, 0.43]
[120, 4.4, 0.41]
[125, 4.43, 0.38]
[130, 4.45, 0.36]
[135, 4.48, 0.33]
[140, 4.51, 0.32]
[145, 4.54, 0.31]
[150, 4.57, 0.29]
[155, 4.6, 0.28]
[160, 4.63, 0.27]
[165, 4.66, 0.26]
[170, 4.69, 0.26]
[175, 4.73, 0.26]
[180, 4.76, 0.28]
[185, 4.8, 0.3]
[190, 4.84, 0.31]
[195, 4.88, 0.33]
[200, 4.89, 0.36]
[205, 4.93, 0.39]
[210, 5.0, 0.41]
[215, 5.01, 0.45]
[220, 5.07, 0.49]
[225, 5.12, 0.52]
[230, 5.16, 0.54]
[235, 5.24, 0.61]
[240, 5.3, 0.66]
