[40, 3.86, 0.89]
[45, 3.87, 0.88]
[50, 3.9, 0.85]
[55, 3.93, 0.83]
[60, 3.95, 0.81]
[65, 3.97, 0.79]
[70, 3.99, 0.77]
[75, 4.01, 0.74]
[80, 4.03, 0.72]
[85, 4.03, 0.71]
[90, 4.06, 0.7]
[95, 4.07, 0.67]
[100, 4.1, 0.65]
[105, 4.12, 0.62]
[110, 4.14, 0.61]
[115, 4.16, 0.59]
[120, 4.18, 0.57]
[125, 4.21, 0.55]
[130, 4.24, 0.53]
[135, 4.27, 0.49]
[140, 4.29, 0.47]
[145, 4.31, 0.45]
[150, 4.34, 0.42]
[155, 4.36, 0.4]
[160, 4.39, 0.4]
[165, 4.41, 0.39]
[170, 4.44, 0.37]
[175, 4.47, 0.36]
[180, 4.5, 0.36]
[185, 4.53, 0.32]
[190, 4.55, 0.29]
[195, 4.59, 0.27]
[200, 4.61, 0.28]
[205, 4.62, 0.27]
[210, 4.65, 0.27]
[215, 4.68, 0.26]
[220, 4.71, 0.26]
[225, 4.75, 0.29]
[230, 4.78, 0.3]
[235, 4.82, 0.32]
[240, 4.86, 0.35]
[245, 4.89, 0.38]
[250, 4.91, 0.44]
[255, 4.95, 0.5]
[260, 4.98, 0.59]
[265, 5.03, 0.66]
