[40, 3.66, 0.95]
[45, 3.71, 0.9]
[50, 3.73, 0.87]
[55, 3.76, 0.84]
[60, 3.79, 0.83]
[65, 3.82, 0.82]
[70, 3.85, 0.78]
[75, 3.88, 0.74]
[80, 3.9, 0.73]
[85, 3.92, 0.7]
[90, 3.95, 0.68]
[95, 3.96, 0.67]
[100, 4.0, 0.65]
[105, 4.02, 0.63]
[110, 4.07, 0.61]
[115, 4.1, 0.59]
[120, 4.14, 0.56]
[125, 4.18, 0.52]
[130, 4.22, 0.54]
[135, 4.24, 0.53]
[140, 4.3, 0.49]
[145, 4.33, 0.45]
[150, 4.37, 0.4]
[155, 4.42, 0.42]
[160, 4.45, 0.41]
[165, 4.49, 0.38]
[170, 4.53, 0.36]
[175, 4.58, 0.34]
[180, 4.62, 0.34]
[185, 4.67, 0.32]
[190, 4.73, 0.32]
[195, 4.79, 0.32]
[200, 4.82, 0.3]
[205, 4.87, 0.33]
[210, 4.92, 0.33]
[215, 4.97, 0.41]
[220, 5.03, 0.58]
