[40, 3.82, 0.92]
[45, 3.87, 0.91]
[50, 3.89, 0.89]
[55, 3.91, 0.86]
[60, 3.94, 0.84]
[65, 3.97, 0.82]
[70, 3.99, 0.79]
[75, 4.02, 0.76]
[80, 4.02, 0.75]
[85, 4.05, 0.72]
[90, 4.07, 0.7]
[95, 4.09, 0.67]
[100, 4.11, 0.65]
[105, 4.13, 0.64]
[110, 4.15, 0.63]
[115, 4.17, 0.59]
[120, 4.19, 0.59]
[125, 4.22, 0.57]
[130, 4.26, 0.53]
[135, 4.29, 0.52]
[140, 4.31, 0.49]
[145, 4.35, 0.45]
[150, 4.37, 0.43]
[155, 4.41, 0.42]
[160, 4.41, 0.41]
[165, 4.44, 0.39]
[170, 4.46, 0.37]
[175, 4.49, 0.36]
[180, 4.53, 0.34]
[185, 4.55, 0.31]
[190, 4.58, 0.29]
[195, 4.61, 0.29]
[200, 4.65, 0.28]
[205, 4.68, 0.28]
[210, 4.71, 0.27]
[215, 4.75, 0.28]
[220, 4.78, 0.3]
[225, 4.81, 0.29]
[230, 4.85, 0.31]
[235, 4.89, 0.33]
[240, 4.92, 0.35]
[245, 4.96, 0.4]
[250, 5.01, 0.45]
[255, 5.02, 0.54]
[260, 5.04, 0.61]
[265, 5.12, 0.82]
