[40, 3.72, 0.85]
[45, 3.72, 0.84]
[50, 3.74, 0.81]
[55, 3.76, 0.78]
[60, 3.77, 0.76]
[65, 3.8, 0.75]
[70, 3.81, 0.74]
[75, 3.84, 0.72]
[80, 3.87, 0.71]
[85, 3.9, 0.7]
[90, 3.93, 0.68]
[95, 3.96, 0.65]
[100, 3.97, 0.65]
[105, 3.99, 0.62]
[110, 4.02, 0.6]
[115, 4.05, 0.58]
[120, 4.08, 0.58]
[125, 4.1, 0.55]
[130, 4.12, 0.53]
[135, 4.14, 0.49]
[140, 4.16, 0.48]
[145, 4.19, 0.46]
[150, 4.21, 0.45]
[155, 4.24, 0.42]
[160, 4.27, 0.4]
[165, 4.3, 0.39]
[170, 4.32, 0.37]
[175, 4.35, 0.35]
[180, 4.37, 0.34]
[185, 4.39, 0.31]
[190, 4.44, 0.28]
[195, 4.44, 0.24]
[200, 4.47, 0.23]
[205, 4.51, 0.22]
[210, 4.54, 0.25]
[215, 4.56, 0.36]
[220, 4.65, 0.56]
[225, 4.67, 0.66]
[230, 4.78, 0.73]
