[40, 3.86, 0.86]
[45, 3.87, 0.85]
[50, 3.89, 0.82]
[55, 3.91, 0.79]
[60, 3.93, 0.78]
[65, 3.96, 0.76]
[70, 3.98, 0.74]
[75, 4.0, 0.71]
[80, 4.01, 0.71]
[85, 4.03, 0.68]
[90, 4.04, 0.67]
[95, 4.06, 0.65]
[100, 4.1, 0.62]
[105, 4.11, 0.6]
[110, 4.13, 0.58]
[115, 4.15, 0.55]
[120, 4.17, 0.52]
[125, 4.2, 0.52]
[130, 4.23, 0.5]
[135, 4.26, 0.47]
[140, 4.32, 0.46]
[145, 4.32, 0.43]
[150, 4.34, 0.42]
[155, 4.37, 0.39]
[160, 4.4, 0.38]
[165, 4.42, 0.37]
[170, 4.45, 0.34]
[175, 4.49, 0.32]
[180, 4.51, 0.31]
[185, 4.54, 0.29]
[190, 4.56, 0.27]
[195, 4.59, 0.27]
[200, 4.61, 0.27]
[205, 4.65, 0.25]
[210, 4.68, 0.24]
[215, 4.72, 0.26]
[220, 4.74, 0.28]
[225, 4.77, 0.29]
[230, 4.82, 0.31]
[235, 4.86, 0.34]
[240, 4.87, 0.36]
[245, 4.92, 0.42]
[250, 4.94, 0.53]
[255, 4.98, 0.66]
[260, 5.02, 0.77]
