[40, 3.82, 0.86]
[45, 3.83, 0.86]
[50, 3.85, 0.83]
[55, 3.87, 0.8]
[60, 3.89, 0.78]
[65, 3.91, 0.77]
[70, 3.93, 0.73]
[75, 3.95, 0.71]
[80, 3.98, 0.69]
[85, 4.0, 0.68]
[90, 4.03, 0.65]
[95, 4.05, 0.63]
[100, 4.08, 0.6]
[105, 4.1, 0.58]
[110, 4.12, 0.57]
[115, 4.16, 0.53]
[120, 4.17, 0.52]
[125, 4.2, 0.48]
[130, 4.23, 0.47]
[135, 4.26, 0.45]
[140, 4.28, 0.44]
[145, 4.31, 0.42]
[150, 4.34, 0.39]
[155, 4.52, 0.38]
[160, 4.4, 0.34]
[165, 4.43, 0.33]
[170, 4.47, 0.31]
[175, 4.49, 0.29]
[180, 4.52, 0.28]
[185, 4.55, 0.27]
[190, 4.58, 0.25]
[195, 4.61, 0.25]
[200, 4.64, 0.27]
[205, 4.68, 0.26]
[210, 4.71, 0.27]
[215, 4.75, 0.3]
[220, 4.78, 0.37]
[225, 4.82, 0.46]
[230, 4.95, 0.57]
