[40, 3.99, 0.81]
[45, 3.99, 0.81]
[50, 4.01, 0.78]
[55, 4.03, 0.77]
[60, 4.05, 0.75]
[65, 4.07, 0.73]
[70, 4.09, 0.7]
[75, 4.11, 0.66]
[80, 4.13, 0.66]
[85, 4.16, 0.65]
[90, 4.18, 0.62]
[95, 4.21, 0.6]
[100, 4.23, 0.59]
[105, 4.26, 0.58]
[110, 4.29, 0.57]
[115, 4.33, 0.56]
[120, 4.35, 0.54]
[125, 4.39, 0.53]
[130, 4.42, 0.49]
[135, 4.44, 0.48]
[140, 4.47, 0.46]
[145, 4.5, 0.41]
[150, 4.53, 0.42]
[155, 4.55, 0.4]
[160, 4.57, 0.39]
[165, 4.6, 0.37]
[170, 4.62, 0.36]
[175, 4.65, 0.34]
[180, 4.68, 0.3]
[185, 4.71, 0.3]
[190, 4.74, 0.31]
[195, 4.78, 0.3]
[200, 4.81, 0.28]
[205, 4.84, 0.27]
[210, 4.87, 0.29]
[215, 4.9, 0.3]
[220, 4.94, 0.29]
[225, 5.01, 0.31]
[230, 5.02, 0.34]
[235, 5.07, 0.4]
[240, 5.11, 0.47]
[245, 5.15, 0.66]
