[40, 3.86, 0.85]
[45, 3.88, 0.82]
[50, 3.9, 0.8]
[55, 3.91, 0.77]
[60, 3.93, 0.76]
[65, 3.96, 0.75]
[70, 3.99, 0.72]
[75, 4.0, 0.71]
[80, 4.04, 0.69]
[85, 4.07, 0.66]
[90, 4.1, 0.63]
[95, 4.1, 0.62]
[100, 4.12, 0.6]
[105, 4.14, 0.58]
[110, 4.16, 0.54]
[115, 4.17, 0.52]
[120, 4.2, 0.52]
[125, 4.24, 0.48]
[130, 4.27, 0.46]
[135, 4.29, 0.44]
[140, 4.31, 0.42]
[145, 4.34, 0.4]
[150, 4.36, 0.39]
[155, 4.39, 0.35]
[160, 4.42, 0.33]
[165, 4.46, 0.31]
[170, 4.49, 0.29]
[175, 4.52, 0.28]
[180, 4.55, 0.26]
[185, 4.59, 0.25]
[190, 4.62, 0.25]
[195, 4.66, 0.25]
[200, 4.69, 0.26]
[205, 4.74, 0.29]
[210, 4.77, 0.31]
[215, 4.81, 0.35]
[220, 4.86, 0.41]
[225, 4.92, 0.5]
