[40, 3.46, 0.77]
[45, 3.49, 0.75]
[50, 3.5, 0.72]
[55, 3.52, 0.72]
[60, 3.55, 0.67]
[65, 3.59, 0.68]
[70, 3.59, 0.65]
[75, 3.61, 0.64]
[80, 3.65, 0.61]
[85, 3.68, 0.58]
[90, 3.73, 0.56]
[95, 3.74, 0.53]
[100, 3.77, 0.51]
[105, 3.77, 0.5]
[110, 3.81, 0.49]
[115, 3.84, 0.47]
[120, 3.87, 0.45]
[125, 3.91, 0.42]
[130, 3.95, 0.39]
[135, 3.96, 0.38]
[140, 4.01, 0.33]
[145, 4.03, 0.35]
[150, 4.06, 0.31]
[155, 4.11, 0.3]
[160, 4.14, 0.26]
[165, 4.17, 0.25]
[170, 4.21, 0.21]
[175, 4.25, 0.2]
[180, 4.29, 0.19]
[185, 4.33, 0.19]
[190, 4.37, 0.17]
[195, 4.4, 0.19]
[200, 4.44, 0.22]
[205, 4.49, 0.29]
[210, 4.63, 0.37]
