[40, 3.21, 0.73]
[45, 3.23, 0.7]
[50, 3.26, 0.67]
[55, 3.27, 0.63]
[60, 3.28, 0.62]
[65, 3.32, 0.57]
[70, 3.33, 0.58]
[75, 3.36, 0.56]
[80, 3.4, 0.54]
[85, 3.43, 0.52]
[90, 3.46, 0.49]
[95, 3.49, 0.46]
[100, 3.51, 0.46]
[105, 3.53, 0.44]
[110, 3.55, 0.42]
[115, 3.58, 0.4]
[120, 3.61, 0.37]
[125, 3.64, 0.35]
[130, 3.68, 0.32]
[135, 3.73, 0.29]
[140, 3.77, 0.24]
[145, 3.82, 0.23]
[150, 3.86, 0.26]
[155, 3.91, 0.25]
[160, 3.95, 0.23]
[165, 3.99, 0.21]
[170, 4.04, 0.23]
[175, 4.09, 0.27]
[180, 4.16, 0.26]
[185, 4.21, 0.28]
[190, 4.25, 0.31]
[195, 4.33, 0.33]
[200, 4.44, 0.44]
