[40, 3.27, 0.8]
[45, 3.29, 0.79]
[50, 3.31, 0.76]
[55, 3.34, 0.74]
[60, 3.35, 0.73]
[65, 3.37, 0.7]
[70, 3.4, 0.65]
[75, 3.4, 0.64]
[80, 3.44, 0.65]
[85, 3.46, 0.62]
[90, 3.49, 0.59]
[95, 3.51, 0.59]
[100, 3.53, 0.59]
[105, 3.55, 0.56]
[110, 3.6, 0.56]
[115, 3.62, 0.54]
[120, 3.64, 0.54]
[125, 3.67, 0.52]
[130, 3.7, 0.48]
[135, 3.73, 0.47]
[140, 3.76, 0.44]
[145, 3.79, 0.4]
[150, 3.81, 0.41]
[155, 3.84, 0.39]
[160, 3.86, 0.38]
[165, 3.89, 0.36]
[170, 3.91, 0.34]
[175, 3.94, 0.32]
[180, 3.96, 0.29]
[185, 4.0, 0.32]
[190, 4.04, 0.3]
[195, 4.07, 0.3]
[200, 4.1, 0.26]
[205, 4.14, 0.28]
[210, 4.17, 0.3]
[215, 4.21, 0.28]
[220, 4.25, 0.3]
[225, 4.28, 0.33]
[230, 4.33, 0.37]
[235, 4.37, 0.42]
[240, 4.4, 0.51]
[245, 4.46, 0.74]
