0	921.4519743
5.38E-05	921.4867835
1.05E-04	921.5200746
1.71E-04	921.5626425
1.82E-04	921.5698433
1.86E-04	921.5724987
1.95E-04	921.5788558
1.97E-04	921.5803792
2.48E-04	921.6173152
3.21E-04	921.6730503
3.29E-04	921.678694
3.75E-04	921.7157358
4.49E-04	921.7787037
4.52E-04	921.7806259
4.62E-04	921.788591
4.74E-04	921.7984991
5.82E-04	921.8842978
6.78E-04	921.9624628
6.99E-04	921.980171
7.20E-04	921.9969352
7.53E-04	922.0248398
8.07E-04	922.0703147
8.27E-04	922.0881572
8.97E-04	922.1486365
9.13E-04	922.1624312
9.55E-04	922.199745
0.001036270062	922.2736414
0.001072493558	922.3070427
0.001097483155	922.3302957
0.001112232451	922.3431821
0.00111612037	922.3465814
0.001197331175	922.4178088
0.00120224395	922.4221314
0.001313223719	922.5201969
0.001331860934	922.5367439
0.001424203487	922.619063
0.001461477918	922.6524485
0.00153762857	922.7206428
0.001557541092	922.738783
0.001563025933	922.7438022
0.001573174895	922.753906
0.001636756701	922.8174226
0.001676527679	922.8554759
0.001700118763	922.8779288
0.001774263783	922.9479178
0.001798226344	922.9703495
0.001879041743	923.0588048
0.001924132055	923.1088612
0.001975632042	923.1600712
0.002018536453	923.2034539
0.002048665077	923.2343095
0.002071878508	923.2607628
0.002098489289	923.291452
0.002152198316	923.3545774
0.002204652673	923.4177581
0.002225666139	923.4409537
0.002246679605	923.4641976
0.00228415174	923.505767
0.002358982219	923.5892392
0.002441406703	923.6818911
0.002471284833	923.7156601
0.002505139159	923.754041
0.002574722783	923.8333223
0.00260815452	923.8744597
0.002616248526	923.8844539
0.002626358531	923.8969563
0.002662252722	923.9415142
0.002694390911	923.9816345
0.002724892905	924.0199087
0.00276151164	924.066111
0.002831151711	924.1488462
0.002875541616	924.2019035
0.002924644225	924.260884
0.002977252204	924.3244137
0.003018136738	924.3740279
0.003123352696	924.502682
0.003140384789	924.52364
0.003192992768	924.5886057
0.003262632839	924.675143
0.003303782403	924.7238617
0.003358251838	924.7896128
0.003362225488	924.7944657
0.003377780519	924.8164712
0.003500270084	924.9900681
0.003506656821	924.9991348
0.003514173328	925.0098073
0.003529158113	925.0310902
0.00353691199	925.0413914
0.003538696164	925.043763
0.003587808306	925.1058942
0.003702133725	925.2521277
0.003761916494	925.329488
0.003862633419	925.4612039
0.003870393397	925.4714244
0.003873131212	925.4750328
0.003876293923	925.4792028
0.003884868488	925.4905169
0.004022331569	925.6736195
0.0040441287	925.7029511
0.004071464263	925.7398507
0.004085812384	925.7592702
0.004220021401	925.9483688
0.004226357782	925.9573926
0.004248962341	925.989655
0.004340487685	926.1237874
0.004343135546	926.1276859
0.004349785552	926.1374812
0.004405609732	926.2199597
0.004407172043	926.2222744
0.004413929219	926.2322899
0.004505454563	926.3685965
0.004510052279	926.3752884
0.004522637754	926.3936195
0.004601500012	926.5089193
0.00468036227	926.624969
0.004701936358	926.6583659
0.004713676524	926.6765651
0.004799998762	926.810927
0.004803189109	926.8159114
0.004815923136	926.8358191
0.004830000114	926.8578507
0.004833780505	926.8637717
0.00488969252	926.9515595
0.004929909914	927.0149555
0.005003814622	927.1320002
0.005015633663	927.1507839
0.005019594067	927.1559872
0.00502717583	927.1659903
0.005052828089	927.2002458
0.005070943511	927.2248186
0.005087140095	927.2517785
0.005099861599	927.2729821
0.005183310868	927.4009388
0.005306059158	927.5894614
0.005310240898	927.5958903
0.005320534269	927.611717
0.005367888773	927.6845606
0.005370380187	927.6883168
0.00537476286	927.6949253
0.005375741571	927.6965678
0.005376373792	927.697629
0.005538217856	927.963133
0.005590825835	928.0495057
0.005700061919	928.2289606
0.005701131493	928.2307185
0.005753958419	928.3175571
0.005805277877	928.4019507
0.005805776703	928.4027711
0.005806566398	928.40407
0.005807074048	928.404905
0.00580785492	928.4061894
0.005969698983	928.6725564
0.005987367327	928.7023241
0.006016474779	928.7514815
0.006089208418	928.8749523
0.006089954399	928.8762234
0.006161522292	928.9986117
0.006208298089	929.0790786
0.006365896642	929.3434794
0.00636808907	929.3471671
0.006371430673	929.3527883
0.006374917593	929.3586546
0.006376964705	929.3620989
0.006424038652	929.4413645
0.006427402862	929.4470339
0.006482180663	929.5394334
0.006587171237	929.7169881
0.006639779216	929.8061815
0.00679737777	930.0742804
0.006800605221	930.079596
0.006802673601	930.0830041
0.006803823908	930.0847147
0.006805681846	930.0874776
0.006848314113	930.1630045
0.006858487622	930.1810642
0.006860376678	930.1844191
0.006918984861	930.2887457
0.006929555929	930.3074664
0.007029477851	930.4851379
0.007034344413	930.4938242
0.007034818859	930.4946712
0.007085460249	930.5852463
0.007090293844	930.5938583
0.007093051879	930.5987735
0.007181303436	930.750803
0.007299504792	930.957309
0.007410904651	931.1549536
0.007416017856	931.1640958
0.007424112158	931.1785807
0.00757527857	931.4519388
0.007594142653	931.4864301
0.007786233551	931.8396739
0.00779243703	931.851172
0.007795125657	931.8561571
0.007837215064	931.937302
0.007851192037	931.9643312
0.007851811346	931.9655298
0.007897296932	932.0537835
0.00791600436	932.0902075
0.007933144813	932.1236456
0.007953982621	932.1643801
0.00805002807	932.3412795
0.008161966494	932.5468352
0.008169723185	932.5610545
0.008177479875	932.5752706
0.00821912842	932.6515477
0.008265768634	932.7368578
0.008294505276	932.789363
0.008354057392	932.8980327
0.008378965253	932.9436905
0.008401509917	932.9851743
0.008501856836	933.1716401
0.008531663686	933.2276002
0.008550065524	933.2622791
0.0085711939	933.3022196
0.00858315625	933.3235261
0.008632697159	933.411598
0.008637600409	933.4203002
0.008661708775	933.463049
0.00867982175	933.4951249
0.008715050225	933.5651862
0.008736375908	933.6076217
0.008783153315	933.7007658
0.00879479091	933.7239521
0.008818228559	933.7706646
0.008843345081	933.8207472
0.008855993142	933.845778
0.008876790869	933.8869887
0.008898513257	933.9303204
0.008926325631	933.9860008
0.009006756464	934.1401035
0.009035995567	934.1961212
0.009089180948	934.2980117
0.009161690112	934.4369122
0.009192957791	934.496806
0.009222497028	934.5533869
0.009252036264	934.6099661
0.009268275703	934.6410701
0.009304921511	934.7112573
0.009335698002	934.7702008
0.009357806759	934.8125425
0.009438237591	934.9665714
0.009528226393	935.1418151
0.00958689184	935.2551078
0.009591978928	935.2648964
0.009647606176	935.3715658
0.009663812344	935.4025153
0.009763766051	935.5921325
0.009816218615	935.6925565
0.009849491591	935.7560348
0.0098598115	935.7756877
0.009874104628	935.8028792
0.009903404385	935.858519
0.009979506615	936.0024029
0.009991988585	936.0259149
0.01007555206	936.1826882
0.01011505067	936.2564079
0.01014279461	936.3080417
0.01019524718	936.4053284
0.01024769974	936.5021809
0.01025553464	936.5175909
0.01029129263	936.5878755
0.01030061327	936.6018818
0.01031719893	936.6269954
0.01040229745	936.794674
0.01041848691	936.8265066
0.0104733841	936.9342888
0.01057903418	937.1323797
0.01058759786	937.1483731
0.01061917252	937.2072597
0.01064241053	937.2528612
0.0106505981	937.2689296
0.01066015788	937.2877656
0.01068058495	937.3281606
0.0108036949	937.5577343
0.01085630288	937.6556106
0.01096777191	937.8625492
0.01100685012	937.9349526
0.01101943546	937.9582546
0.01103202081	937.9815488
0.01106061588	938.0344466
0.01107204344	938.0555751
0.01108589986	938.0811859
0.01111206608	938.1295231
0.01123517603	938.3564958
0.01124744081	938.378072
0.01127708683	938.4305175
0.01133198157	938.5287206
0.0113590454	938.5776575
0.01137267395	938.6024312
0.01138759494	938.6296543
0.01141452152	938.6790464
0.01144895924	938.7427133
0.011538385	938.9063411
0.01154088391	938.9108777
0.01154500469	938.9183545
0.01161060853	939.0366749
0.0116646998	939.1332234
0.01170360307	939.2020991
0.01173297481	939.2537877
0.01176839017	939.3146413
0.01182067709	939.404595
0.01186292861	939.4773798
0.01195397556	939.6345137
0.01204352192	939.7894458
0.01205042768	939.80324
0.01212137387	939.9433982
0.01214075311	939.9811897
0.01217992791	940.0496518
0.01224987535	940.171659
0.01227024665	940.2038661
0.01227487859	940.2111591
0.01228652833	940.229452
0.01228820155	940.2320736
0.01233533261	940.3053177
0.01234009895	940.3126603
0.01234486529	940.3199912
0.01241559493	940.4437306
0.01252735224	940.6390135
0.01253558214	940.653383
0.012558137	940.6927561
0.01258374469	940.7370966
0.01259848624	940.7625303
0.01263521666	940.8256098
0.01277527805	941.0623255
0.01278546108	941.0792997
0.01279710523	941.0981745
0.01283203768	941.1547236
0.01288026422	941.2326079
0.01288778262	941.2447305
0.01295643829	941.3551883
0.01299790516	941.4216917
0.01304634731	941.4991804
0.01305549525	941.5137892
0.01311577135	941.6098535
0.01320603911	941.7555045
0.01322692738	941.7889287
0.01325646572	941.8360145
0.01331853387	941.9342689
0.01338522523	942.0388062
0.01340802378	942.0730336
0.0134299202	942.1059307
0.01346187739	942.1539853
0.01351428044	942.2328931
0.01351680704	942.236701
0.01353702799	942.267188
0.01356958246	942.3163123
0.0135760984	942.326151
0.01360230755	942.3657464
0.01360409663	942.3684505
0.0136759793	942.4819234
0.01368461872	942.4954724
0.01370692173	942.5298428
0.01374441792	942.5873365
0.01377383893	942.6321932
0.01385034557	942.7477891
0.01385256946	942.7511265
0.01389443226	942.8156507
0.01394482799	942.8928793
0.01397978898	942.9461677
0.01401904487	943.005722
0.01411189165	943.145397
0.01415955943	943.2167523
0.01426269726	943.3710684
0.01427640652	943.3917002
0.0142980387	943.4242019
0.0143772077	943.5425914
0.01439419541	943.5678802
0.01448319547	943.6997089
0.01456557616	943.8207422
0.01457385401	943.8328514
0.01459084173	943.8576715
0.01459974515	943.8699539
0.01460372197	943.8754346
0.01467110309	943.9677931
0.01467651556	943.9751707
0.01473994068	944.0611659
0.01475282092	944.0785267
0.01480204596	944.1445551
0.0148275384	944.1785501
0.01488261159	944.2507692
0.01491924259	944.2988075
0.01494658092	944.3346609
0.01496299355	944.3561862
0.01501649116	944.4261662
0.01506236968	944.485931
0.0150830958	944.5128551
0.01508727481	944.5182781
0.0151509218	944.6006365
0.01518870152	944.6519088
0.01520056062	944.6679647
0.01522200477	944.6969506
0.01525074431	944.735703
0.01528103525	944.7764299
0.01534030635	944.8531101
0.01535952375	944.8779081
0.01536873307	944.8897807
0.01545555076	945.0013517
0.01552495836	945.0900891
0.01553786203	945.1065414
0.01554346209	945.1136772
0.01563006627	945.2236918
0.01571111451	945.3260727
0.0157162003	945.3324786
0.01571819112	945.3349855
0.01572087565	945.3384088
0.01577831578	945.4112587
0.01583263553	945.4794522
0.01583959388	945.4881386
0.01584179726	945.4908238
0.01586313494	945.5168058
0.01593209252	945.6005032
0.01595253835	945.6252403
0.01603546191	945.7251978
0.01607876869	945.7771981
0.01616726957	945.8832497
0.01617654122	945.8943433
0.01626103965	945.9953003
0.01627887846	946.0165801
0.01636272038	946.1164372
0.01640412536	946.1656555
0.01640618731	946.1681049
0.01647620503	946.2511862
0.01648661738	946.2635258
0.01663170949	946.4350573
0.01668236467	946.4930115
0.01670750757	946.5215504
0.01671523718	946.5302937
0.01674612855	946.5636164
0.01680932238	946.6341877
0.0168348632	946.6636265
0.01687791693	946.7144451
0.01693698485	946.786605
0.01695701717	946.8093601
0.01710479512	946.9746648
0.01712029406	946.9917407
0.01717940871	947.0564148
0.01718276552	947.0600657
0.01722820906	947.109261
0.01736271792	947.2523762
0.01736327486	947.252961
0.01740851388	947.30025
0.01741539167	947.3056354
0.01742244301	947.3112044
0.01742298967	947.3116381
0.01746881636	947.3490308
0.0175405797	947.4116806
0.01761415377	947.481099
0.01768519343	947.5546531
0.0177222163	947.5928115
0.01775476668	947.6262613
0.01781730901	947.6934769
0.01785127966	947.7305713
0.01788004442	947.7623033
0.01797381051	947.867793
0.01799494701	947.8888871
0.01802786717	947.9216015
0.0180635331	947.9568526
0.01811824859	948.0105437
0.01821613686	948.1054275
0.01823793219	948.1263492
0.01827019351	948.1571806
0.01830881286	948.1938735
0.01836352834	948.245459
0.01845954313	948.3270596
0.01846117044	948.3284662
0.01849348989	948.3565639
0.01850956894	948.3706578
0.01855184113	948.4080768
0.01858550902	948.4427909
0.01859044239	948.4478779
0.01861864852	948.4769648
0.01862193905	948.4800797
0.01862866384	948.4864409
0.01869502251	948.5488917
0.01870769073	948.5607477
0.01874120916	948.5920148
0.01879554985	948.6423899
0.01881831919	948.6633816
0.01884536323	948.6882251
0.01890738886	948.7325442
0.0189971966	948.8126313
0.01904210368	948.8524084
0.01906545524	948.8730214
0.01915269443	948.9496
0.0192427852	949.0279705
0.019288326	949.0673117
0.01931073811	949.086605
0.019398	949.1612976
0.01948837379	949.2379391
0.01952414972	949.271943
0.0195772481	949.3179314
0.01959598891	949.3340733
0.01962693016	949.3606215
0.01967924106	949.4052157
0.01976032978	949.4736234
0.01979796109	949.5050727
0.01981649366	949.524183
0.01981941419	949.5265809
0.0198380237	949.5418314
0.02000119887	949.673434
0.02004711713	949.7097817
0.02006572103	949.7244223
0.02006864771	949.726721
0.02008725108	949.7413039
0.02025041613	949.8670878
0.02029635065	949.9018125
0.0203149484	949.915786
0.02031788123	949.917985
0.02033945279	949.928885
0.02040679809	949.9871279
0.02043232843	950.0089846
0.02050404155	950.0657738
0.02052043291	950.0786196
0.0205440225	950.0970189
0.02068324349	950.2034976
0.02068520334	950.2049707
0.02074066741	950.2507833
0.0207463702	950.2548211
0.02089419637	950.3587354
0.02094022055	950.390792
0.02094387532	950.3933315
0.02098988529	950.4252265
0.02099565163	950.429214
0.0211434912	950.5306915
0.02118951538	950.5619865
0.0211930932	950.5644134
0.02123910317	950.5955473
0.02124493322	950.5994823
0.02139278602	950.6985225
0.02142550747	950.7214129
0.02152780546	950.7925533
0.02153434825	950.7970815
0.0215658052	950.8188161
0.02160274662	950.8442627
0.02164602878	950.8736024
0.02168366235	950.8972379
0.02177852886	950.9570826
0.02179120454	950.9651075
0.02181799064	950.9820877
0.02185992326	951.0087303
0.02198788113	951.0911017
0.0220117467	951.1062232
0.02207255352	951.1444076
0.02210908142	951.1671085
0.02223693101	951.245161
0.02226110995	951.2596771
0.02232191676	951.2958384
0.02235823959	951.3172039
0.02248597857	951.3909434
0.02251047319	951.4048346
0.02256779203	951.4341686
0.02257792086	951.4393731
0.02260059834	951.4510479
0.02260639514	951.4540373
0.02267528861	951.4892961
0.02271002674	951.5067876
0.02277096683	951.5370076
0.02277864201	951.5407718
0.02285743108	951.5835885
0.02292736908	951.6214718
0.02293249985	951.6242465
0.02302794513	951.6757475
0.02310671357	951.7180873
0.02317653707	951.7554958
0.02318149382	951.7581471
0.02327724825	951.8092491
0.02335599605	951.851112
0.02343754356	951.8986283
0.02344628924	951.9035781
0.02345727711	951.9097568
0.02353491413	951.9503118
0.02361034018	951.9890332
0.0236145547	951.9910078
0.02365526006	952.0095563
0.02366731153	952.0148663
0.02374343792	952.0464911
0.02374481697	952.0470334
0.02375471555	952.0508945
0.02375584295	952.0513307
0.02376319361	952.054157
0.02377319742	952.0592415
0.02386932542	952.1086311
0.02396490165	952.1586938
0.02397484803	952.1639585
0.02399301192	952.1735994
0.02399489984	952.1744659
0.02401311029	952.1828203
0.02403146372	952.1912342
0.02422412979	952.2791881
0.02424235168	952.2874715
0.02424408313	952.2882582
0.02425598408	952.2941086
0.02428343421	952.3074205
0.0243715358	952.3484273
0.02439168706	952.3574386
0.02441883107	952.3693603
0.02448587167	952.3977392
0.02449987971	952.4034773
0.02451549478	952.4097957
0.02458167806	952.4356622
0.02464581908	952.4623955
0.02467207594	952.4732847
0.02473074935	952.4974659
0.02476164139	952.5099227
0.02480501794	952.5270937
0.0248536894	952.5459156
0.02489944052	952.5631791
0.02490217211	952.5641967
0.02491026471	952.5672026
0.0249132689	952.5683152
0.02497136366	952.5894775
0.02498848543	952.5958914
0.02501011915	952.6039774
0.02505917443	952.622238
0.02508070304	952.6302192
0.02509781945	952.6365504
0.02522078217	952.681662
0.02523763586	952.6877944
0.02525922388	952.6956315
0.02530859294	952.7134785
0.02533007577	952.7212117
0.02534692418	952.7272628
0.02540110298	952.7407299
0.02546152389	952.7569877
0.02547538247	952.7609009
0.02549218084	952.7657364
0.02551071996	952.7711902
0.02552845822	952.7765235
0.02554664997	952.7831048
0.02556271009	952.7888812
0.02566263593	952.8241123
0.02568686001	952.8324688
0.02571317579	952.8414654
0.02573528268	952.8495988
0.0257587507	952.8584361
0.02585153293	952.8954235
0.02585830394	952.8982508
0.02586176171	952.8997013
0.02586393389	952.9006148
0.02587025175	952.9029265
0.02596018955	952.9348778
0.02601266657	952.9526955
0.02610246229	952.981773
0.02610887865	952.9837826
0.02611323194	952.9851408
0.02611963654	952.9871315
0.02620941456	953.0140822
0.02626196462	953.0290313
0.02635160102	953.0531229
0.02635810366	953.0548016
0.02636024689	953.0551507
0.02636316225	953.0556285
0.02636708506	953.056277
0.02645171123	953.0718174
0.02648095746	953.0778768
0.0265126653	953.0848459
0.02659978417	953.1152291
0.0266326735	953.1264583
0.02663799668	953.1282634
0.02664177992	953.1290468
0.02666397595	953.1336087
0.02675506932	953.1517154
0.02676408562	953.1545453
0.02677061321	953.1566039
0.02678021227	953.1596461
0.02683074696	953.1759561
0.0269127943	953.2034892
0.0270048365	953.2359267
0.02701293268	953.238053
0.02702637017	953.2415604
0.02707828405	953.254856
0.02709981637	953.2602518
0.02725410584	953.2968792
0.02726220067	953.2987022
0.02727563951	953.301707
0.02732753775	953.3130561
0.02734907007	953.3176461
0.02740869424	953.3216559
0.0274574215	953.3265154
0.02747180449	953.3282219
0.02750124065	953.3321011
0.02751087282	953.3348365
0.02751520041	953.336062
0.02762389841	953.3661254
0.0277349135	953.3954062
0.02775680869	953.4010113
0.02779575467	953.4122122
0.02791235525	953.4361755
0.02795554693	953.4448314
0.02801632855	953.4568104
0.02804501779	953.4623824
0.02816162191	953.4844878
0.02820480686	953.4924541
0.02826558848	953.5034643
0.02829428091	953.5085797
0.02841088857	953.5288271
0.02845406679	953.5361039
0.02847579578	953.5389837
0.02850389495	953.542461
0.02859968818	953.5535034
0.02862231745	953.5559285
0.02862938543	953.5566716
0.02870454261	953.5641504
0.02872140314	953.5672806
0.02874558579	953.5719229
0.0287724064	953.5772823
0.02880465863	953.5840204
0.02886365889	953.5971757
0.02888246516	953.6015942
0.02890603953	953.6072868
0.02903980565	953.6247115
0.02907666421	953.6291761
0.02908104118	953.6296966
0.02915530137	953.6382153
0.02928906748	953.6520707
0.02932592559	953.6555519
0.02933030239	953.6559556
0.02936957017	953.6545552
0.02940979885	953.6540514
0.02942296843	953.6540912
0.02945853053	953.654703
0.02950137531	953.6564179
0.02954033855	953.6589052
0.02955257813	953.6605415
0.0295711064	953.6629769
0.02964281945	953.6719307
0.02966795063	953.6732173
0.02973686708	953.6765766
0.02977960369	953.6785354
0.02989208097	953.6832358
0.02991721217	953.6841958
0.02998612846	953.6866597
0.0300288652	953.6880633
0.03014134249	953.6913024
0.0301664737	953.691936
0.03023538983	953.6935045
0.0302781267	953.6943528
0.03032734997	953.6980062
0.03045003225	953.7059317
0.03046602797	953.7051667
0.03048637129	953.7041827
0.03050209418	953.7034135
0.03051360618	953.7028456
0.03058062638	953.6994593
0.03063132035	953.7025662
0.03064165052	953.7031387
0.03066305239	953.7042596
0.03068006957	953.705088
0.03072488393	953.7070034
0.03075421257	953.7078971
0.03076887689	953.7084277
0.03088437247	953.7145564
0.03093839415	953.7155021
0.03099491509	953.7158628
0.03101813843	953.7158247
0.03105388971	953.7155538
0.03107711307	953.71524
0.03113363401	953.7140228
0.03118765566	953.7122584
0.03124417662	953.7097836
0.03126739996	953.7085804
0.03130315123	953.706516
0.03132637459	953.7050371
0.03138289554	953.7009844
0.03143691717	953.6965099
0.03150283612	953.6865738
0.03154478951	953.6807359
0.03156302085	953.6783168
0.03160077642	953.673534
0.03160389304	953.6731529
0.03163700038	953.6694368
0.03165612166	953.667247
0.03165869039	953.6669503
0.03175722815	953.6551361
0.03183708661	953.6459199
0.03192554423	953.6354926
0.03192739153	953.6352724
0.03200648968	953.6257493
0.03208634814	953.6159482
0.03217480576	953.6048729
0.03217665305	953.6046392
0.0322557512	953.5945367
0.03233560966	953.5841507
0.03241554172	953.5790521
0.03241809664	953.5788884
0.0324344943	953.5778367
0.03250780102	953.569567
0.03258383383	953.5608983
0.03258815616	953.5600129
0.03262774622	953.5514102
0.03264483282	953.5474227
0.03271695182	953.5287675
0.03271716684	953.5287075
0.03272710904	953.525903
0.03272817605	953.5255987
0.03273551552	953.5234881
0.03274777848	953.5216958
0.03284276615	953.5077197
0.03293735799	953.4936377
0.03294956984	953.4918078
0.03296704428	953.4891845
0.03296739691	953.4891315
0.03296774806	953.4890787
0.03298526193	953.4856129
0.03300822891	953.4810461
0.03319879341	953.4422021
0.03321630728	953.4385469
0.03321666887	953.4384938
0.03321699201	953.4384463
0.03322823181	953.436769
0.0332511994	953.4331891
0.03334500523	953.4164438
0.0333655063	953.4123297
0.03339140145	953.4069002
0.03346001306	953.3912568
0.03347334158	953.3880061
0.03348825667	953.3842868
0.03355457108	953.3667056
0.03361923674	953.3518737
0.03364606444	953.345718
0.03370397554	953.3331162
0.03372906501	953.3271987
0.03376000041	953.3195214
0.03383605497	953.2988579
0.03384940801	953.2949675
0.03386019949	953.2917662
0.03389954056	953.2796618
0.03391399479	953.2750436
0.0339414637	953.2660139
0.03403625753	953.2390114
0.03405243233	953.2344435
0.03410675986	953.2191851
0.03419072522	953.1958582
0.03428551906	953.1698962
0.0343106513	953.1629188
0.03432824066	953.1580646
0.03437756261	953.1445807
0.03439136637	953.1408407
0.03441918513	953.1333481
0.0345255295	953.1052575
0.03452609151	953.1051113
0.03452644111	953.1050204
0.03466010718	953.0709627
0.03468446332	953.0633234
0.0347590271	953.039049
0.03476445976	953.0373181
0.03478618426	953.0304477
0.03480703086	953.0239318
0.03485015173	953.0106932
0.0348609637	953.0074244
0.03489892107	952.9961093
0.03496190582	952.9778851
0.03499468097	952.9686742
0.03500022989	952.9671332
0.03500275362	952.9664341
0.03501165788	952.9639764
0.03501584014	952.9628267
0.03502794875	952.9595154
0.0352411911	952.8852226
0.03525626626	952.8775474
0.03525688898	952.8772337
0.03525756488	952.8768934
0.03525828416	952.8765316
0.03525877385	952.8762855
0.03527295119	952.8692297
0.03537087546	952.8241614
0.03547508435	952.783236
0.03547667661	952.782667
0.03548195751	952.7810581
0.03549221419	952.7779191
0.03549270983	952.7777669
0.03549993166	952.775545
0.0355304711	952.7660467
0.0356960677	952.7116698
0.03570952883	952.7070364
0.03571210093	952.7061474
0.03572666244	952.7010924
0.03573892541	952.6974231
0.03583391307	952.6709239
0.03592850491	952.6479198
0.03594071677	952.6451962
0.03595819121	952.6413967
0.03595854383	952.6413212
0.03595889499	952.6412461
0.03597640885	952.6352624
0.03599937584	952.6274136
0.03618994034	952.5621955
0.0362074542	952.5561932
0.0362078158	952.5560887
0.03620813893	952.5559953
0.03621937873	952.5527263
0.03624234632	952.5459268
0.03633615215	952.5164887
0.03635665323	952.5096984
0.03638254837	952.5009387
0.03645115999	952.4767422
0.0364644885	952.4718756
0.0364794036	952.4663655
0.03654571801	952.4410474
0.03661038367	952.4173866
0.03663721137	952.4075611
0.03669512246	952.3855116
0.03672021193	952.3757865
0.03675114734	952.3636519
0.0368272019	952.3331455
0.03684055493	952.3276906
0.03685134641	952.3232606
0.03689068749	952.3069473
0.03690514172	952.3008894
0.03693261062	952.2892814
0.03702740446	952.2509626
0.03704357925	952.244455
0.03709790678	952.2226629
0.03718187215	952.1891814
0.03727666598	952.1516723
0.03730179823	952.1411516
0.03731938758	952.1338525
0.03736870954	952.1136662
0.0373825133	952.1080908
0.03741033205	952.0969533
0.03751667642	952.0555922
0.03751723844	952.0553788
0.03751758804	952.055246
0.03765125411	952.0060107
0.03767561024	951.9955271
0.03775017402	951.9623501
0.03775560668	951.9599698
0.03777733118	951.9505018
0.03779817779	951.941492
0.03784129865	951.9230903
0.03785211063	951.918526
0.03789006799	951.9026598
0.03795305275	951.8768736
0.0379858279	951.8637227
0.03799137681	951.8615143
0.03799390054	951.8605116
0.03800280481	951.8569827
0.03800698707	951.8553298
0.03801909567	951.8505612
0.03823233803	951.7502924
0.03824741318	951.7407129
0.03824803591	951.7403205
0.03824871181	951.7398948
0.03824943108	951.7394421
0.03824992077	951.7391342
0.03826409811	951.7302869
0.03836202238	951.6728306
0.03846623128	951.6186965
0.03846782353	951.6179254
0.03847310444	951.615647
0.03848336111	951.6112052
0.03848385676	951.61099
0.03849107859	951.6078488
0.03852161802	951.5944461
0.03868721462	951.5184189
0.03870067576	951.51199
0.03870324785	951.5107573
0.03871780937	951.5037529
0.03873007233	951.4984155
0.03882506	951.4587586
0.03891965184	951.4222346
0.0389318637	951.4177351
0.03894933813	951.4113825
0.03894969076	951.4112554
0.03895004192	951.4111288
0.03896755578	951.4026425
0.03899052277	951.3914942
0.03918108727	951.2981309
0.03919860113	951.2894731
0.03919896273	951.289313
0.03919928586	951.28917
0.03921052566	951.2841709
0.03923349324	951.2738192
0.03932729908	951.2296352
0.03934780015	951.2195714
0.0393736953	951.2066508
0.03944230691	951.1712892
0.03945563543	951.1642299
0.03947055053	951.1562571
0.03953686493	951.1198723
0.03960153059	951.08542
0.0396283583	951.0710565
0.03968626939	951.0392437
0.03971135886	951.0251193
0.03974229427	951.0074192
0.03981834882	950.9625678
0.03983170186	950.9544972
0.03984249334	950.947932
0.03988183442	950.9236744
0.03989628865	950.9146343
0.03992375755	950.8972653
0.04001855138	950.8399156
0.04003472618	950.83013
0.04008905371	950.7972627
0.04017301907	950.7464655
0.04026781291	950.6891183
0.04029294515	950.6737406
0.04031053451	950.6629896
0.04035985646	950.6328936
0.04037366022	950.6244839
0.04040147898	950.6075536
0.04050782335	950.5430511
0.04050838536	950.5427111
0.04050873497	950.5424996
0.04064240103	950.4619194
0.04066675717	950.4457316
0.04074132095	950.3950784
0.04074675361	950.3914113
0.04076847811	950.3767789
0.04078932471	950.3627857
0.04083244558	950.3339899
0.04084325755	950.3268012
0.04088121492	950.3016638
0.04094419967	950.2602952
0.04097697482	950.2389378
0.04098252374	950.2353334
0.04098504747	950.2336951
0.04099395173	950.2279206
0.04099813399	950.2252113
0.0410102426	950.2173779
0.04122348495	950.0619714
0.04123856011	950.048447
0.04123918283	950.0478912
0.04123985873	950.0472883
0.04124057801	950.046647
0.0412410677	950.0462105
0.04125524504	950.0336369
0.04135316931	949.9500731
0.04145737821	949.8674466
0.04145897046	949.8662345
0.04146425136	949.8624929
0.04147450804	949.8552055
0.04147500369	949.8548527
0.04148222551	949.8497044
0.04151276495	949.8277848
0.04167836155	949.7047431
0.04169182268	949.6944306
0.04169439478	949.6924548
0.04170895629	949.6812371
0.04172121926	949.6723611
0.04181620692	949.6050744
0.04191079876	949.5406494
0.04192301062	949.5325198
0.04194048506	949.5209616
0.04194083769	949.5207293
0.04194118884	949.5204979
0.0419587027	949.5067107
0.04198166969	949.4885883
0.04217223419	949.3363635
0.04218974805	949.3222069
0.04219010965	949.3219333
0.04219043278	949.3216887
0.04220167258	949.3131565
0.04222464017	949.2955697
0.042318446	949.2216224
0.04233894708	949.2050082
0.04236484222	949.1837904
0.04243345384	949.126318
0.04244678235	949.1149423
0.04246169745	949.1021309
0.04252801186	949.0441284
0.04259267752	948.988287
0.04261950522	948.9649892
0.04267741632	948.9135552
0.04270250578	948.8909933
0.04273344119	948.8629426
0.04280949575	948.7928916
0.04282284879	948.7804329
0.04283364027	948.7703293
0.04287298134	948.7332323
0.04288743557	948.7194985
0.04291490447	948.6932448
0.04300969831	948.6038374
0.04302587311	948.588527
0.04308020064	948.5369859
0.043164166	948.456973
0.04325895984	948.3661248
0.04328409208	948.3413135
0.04330168144	948.3239782
0.04335100339	948.275498
0.04336480715	948.261964
0.0433926259	948.2347342
0.04349897027	948.1312002
0.04349953229	948.1306554
0.04349988189	948.1303165
0.04363354796	948.0014496
0.04365790409	947.9763133
0.04373246787	947.8977888
0.04373790053	947.8920833
0.04375962503	947.8692889
0.04378047164	947.8474477
0.04382359251	947.8023691
0.04383440448	947.7910873
0.04387236185	947.7515475
0.0439353466	947.6861665
0.04396812175	947.6522577
0.04397367066	947.6465246
0.0439761944	947.6439178
0.04398509866	947.6347241
0.04398928092	947.6304079
0.04400138952	947.6179187
0.04421463188	947.3792855
0.04422970704	947.3597835
0.04423032976	947.3589808
0.04423100566	947.3581097
0.04423172493	947.3571831
0.04423221462	947.3565524
0.04424639197	947.3383537
0.04434431624	947.215859
0.04444852513	947.0916537
0.04445011739	947.0898051
0.04445539829	947.0839404
0.04446565497	947.0725269
0.04446615061	947.0719746
0.04447337244	947.0639191
0.04450391188	947.0296881
0.04466950848	946.8394008
0.04468296961	946.8235858
0.0446855417	946.820558
0.04470010322	946.8033806
0.04471236618	946.78948
0.04480735385	946.683056
0.04490194569	946.579274
0.04491415755	946.5660355
0.04493163199	946.5471557
0.04493198461	946.5467755
0.04493233577	946.5463969
0.04494984963	946.5252822
0.04497281662	946.4975358
0.04516338112	946.2648024
0.04518089498	946.243188
0.04518125658	946.2427604
0.04518157971	946.2423782
0.04519281951	946.2290579
0.0452157871	946.201681
0.04530959293	946.0876656
0.045330094	946.0622768
0.04535598915	946.0299666
0.04542460076	945.9430546
0.04543792928	945.9259516
0.04545284438	945.906728
0.04551915879	945.8201752
0.04558382445	945.7362557
0.04561065215	945.7012719
0.04566856324	945.6235156
0.04569365271	945.5896553
0.04572458812	945.5477613
0.04580064267	945.4440885
0.04581399571	945.4257872
0.04582478719	945.410975
0.04586412827	945.3568124
0.0458785825	945.3368479
0.0459060514	945.2988116
0.04600084524	945.1666386
0.04601702003	945.143948
0.04607134756	945.0674414
0.04615531292	944.9483064
0.04625010676	944.8125069
0.04626362701	944.7908637
0.04627282407	944.7762216
0.04632177401	944.6993881
0.04638626517	944.6009796
0.04639431099	944.5889272
0.04639592217	944.5865197
0.04643742208	944.5251979
0.04646220483	944.489211
0.04647198073	944.4751457
0.04647661199	944.4675154
0.0465039662	944.4224867
0.04656634195	944.3200569
0.04657925122	944.3024536
0.04661646936	944.2516588
0.04665244675	944.2024957
0.04669557603	944.1434797
0.04673481772	944.0897078
0.04679611791	944.0055654
0.04680196787	943.9975264
0.04684282823	943.9385645
0.04685784659	943.9160402
0.04692944073	943.8081142
0.04695379686	943.7711908
0.04706773362	943.5970674
0.04709208975	943.5595464
0.04710710811	943.536358
0.04717870225	943.4252663
0.04720305838	943.3872659
0.04731699515	943.2081044
0.04734135128	943.1695065
0.04735636964	943.145654
0.04742796378	943.0313966
0.04745231991	942.9917969
0.0475811048	942.7873052
0.04758742873	942.7772021
0.047610146	942.7408616
0.04761576381	942.7318634
0.04762872222	942.7110902
0.04773052669	942.5470487
0.04774335001	942.52628
0.04778506387	942.4585562
0.04785930373	942.337405
0.04787742157	942.3077181
0.04794667283	942.1938106
0.04796563829	942.1618774
0.04800227655	942.1000304
0.04803221305	942.0493426
0.0481592961	941.8326292
0.04819593436	941.7696878
0.04821489982	941.7370253
0.04827111866	941.6397461
0.04827951854	941.6252081
0.04835250456	941.4988543
0.04835933501	941.4870263
0.04840440782	941.4089619
0.04845882003	941.3146908
0.0485014414	941.2408241
0.04856827302	941.1249568
0.04862348717	941.0291921
0.04864832803	940.9860962
0.04865175928	940.9801813
0.04866251997	940.961032
0.04870393175	940.8872688
0.04889758956	940.540879
0.0489010208	940.5347202
0.04891178149	940.5154008
0.04895319327	940.4409828
0.04914685108	940.091531
0.04915028232	940.085318
0.04916104302	940.0658284
0.0492024548	939.9907556
0.0492992837	939.8167597
0.04930466405	939.8070515
0.04932536994	939.7696508
0.04932708556	939.7665491
0.04942391447	939.5907952
0.04942734571	939.584568
0.04959137797	939.2863703
0.04962978624	939.2162182
0.04965016467	939.1789466
0.04967453464	939.1343285
0.04969879828	939.0898551
0.04980250775	938.8992022
0.04984202779	938.825104
0.04993725908	938.6457968
0.04995653798	938.6093678
0.05005176927	938.4287805
0.05009128932	938.353526
0.05018652061	938.1714324
0.05020579951	938.1344393
0.0503010308	937.9510656
0.05034055084	937.8746548
0.05043488692	937.6891445
0.05043703404	937.6849532
0.05043889554	937.6813206
0.05044022952	937.6787535
0.05050800631	937.5479924
0.05054831205	937.4699224
0.0506453428	937.2810354
0.05066694307	937.2388052
0.05067789127	937.2179944
0.05068238653	937.2094573
0.05068707999	937.2005486
0.05070221697	937.1718505
0.0507145309	937.1485423
0.05081515406	936.9593459
0.05084503203	936.9036025
0.05090310672	936.7958217
0.05093781976	936.7317568
0.05095678522	936.6950922
0.05099342347	936.6241922
0.05102335998	936.5661925
0.05115044303	936.3192937
0.05118708129	936.2479064
0.05120604674	936.2109172
0.05126226558	936.0982888
0.05127066546	936.0815198
0.05134365149	935.9364635
0.05135048193	935.9229479
0.05139555475	935.834016
0.05144996696	935.7272478
0.05149258833	935.6440673
0.05155941995	935.5144362
0.0516146341	935.4080749
0.05163947496	935.36044
0.0516429062	935.3537778
0.05165366689	935.3325335
0.05169507867	935.2507932
0.05188873648	934.8688997
0.05189216773	934.8621386
0.05190292842	934.8409363
0.0519443402	934.7593577
0.05213799801	934.3782206
0.05214142925	934.3714729
0.05215218994	934.3503126
0.05219360172	934.2688957
0.05220046421	934.2553208
0.05222017806	934.2162795
0.05230918992	934.0400443
0.05235012379	933.959023
0.05238191851	933.8961015
0.0524139928	933.8326358
0.05245427459	933.7529431
0.05261736634	933.4421954
0.05262075323	933.4357532
0.05264444025	933.3909431
0.05264613416	933.3877522
0.05265470784	933.3716293
0.05267233568	933.3386255
0.05267420141	933.3351438
0.0527147978	933.2599302
0.05276756257	933.1637252
0.05281527723	933.0782397
0.05285198815	933.0134458
0.05287286825	932.9769721
0.05290596409	932.9136522
0.05293748921	932.8533552
0.0530996219	932.5435218
0.05312212978	932.5005455
0.05315522561	932.4373688
0.05317623674	932.3951097
0.05318257736	932.3824051
0.0532674178	932.2145598
0.05332613525	932.1007356
0.05338159144	931.9949915
0.05338799929	931.982883
0.05339678705	931.9663145
0.05340496342	931.9509372
0.05340892254	931.9435046
0.0534128741	931.9365587
0.05343545978	931.8967159
0.05348553291	931.8075166
0.05349026865	931.7990186
0.05352186231	931.7420525
0.05352618464	931.733895
0.05356577469	931.6587696
0.0535828613	931.6261192
0.0536549803	931.4867991
0.05365519532	931.4863801
0.05366513752	931.4669812
0.05366620453	931.4648966
0.053673544	931.4505426
0.05368580696	931.4280364
0.05378079463	931.2554381
0.05387538646	931.0866087
0.05388759833	931.0650345
0.05390507276	931.0342514
0.05390542539	931.0336313
0.05390577655	931.0330138
0.05392329041	931.0006891
0.0539462574	930.958358
0.0541368219	930.6096721
0.05415433576	930.5778543
0.05415469735	930.5772114
0.05415502049	930.5766369
0.05416626029	930.5566448
0.05418922787	930.515746
0.05428303371	930.3480558
0.05430353478	930.3112687
0.05432942993	930.2647314
0.05439804154	930.1410425
0.05441137006	930.11695
0.05442628515	930.0899646
0.05449259956	929.9696655
0.05455726522	929.8541074
0.05458409292	929.8063649
0.05464200402	929.7025601
0.05466709349	929.6575801
0.05469802889	929.6021133
0.05477408345	929.4657191
0.05478743649	929.4417678
0.05479822797	929.4224103
0.05483756904	929.3518339
0.05485202327	929.3259007
0.05487949218	929.2766131
0.05497428601	929.1087307
0.05499046081	929.0802565
0.05504478834	928.9849843
0.0551287537	928.8388484
0.05522354754	928.6754876
0.05524867978	928.631878
0.05526626914	928.601478
0.05531559109	928.5167659
0.05532939485	928.493198
0.05535721361	928.4458881
0.05546355798	928.2673341
0.05546411999	928.2664001
0.05546446959	928.2658192
0.05559813566	928.0466026
0.0556224918	928.0057716
0.05569705558	927.8796222
0.05570248824	927.8704977
0.05572421274	927.834101
0.05574505934	927.7993113
0.05578818021	927.7277731
0.05579899218	927.7099254
0.05583694955	927.6475521
0.0558999343	927.545029
0.05593270945	927.4921614
0.05593825837	927.4832434
0.0559407821	927.4791905
0.05594968636	927.4649067
0.05595386862	927.458206
0.05596597723	927.4388365
0.05617921958	927.0858304
0.05619429474	927.0587194
0.05619491746	927.0576034
0.05619559336	927.0563925
0.05619631264	927.0551042
0.05619680233	927.0542274
0.05621097967	927.0289262
0.05630890394	926.8585787
0.05641311283	926.6857618
0.05641470509	926.6831889
0.05641998599	926.6749512
0.05643024267	926.6589489
0.05643073831	926.6581755
0.05643796014	926.6469057
0.05646849958	926.5992279
0.05663409618	926.3401219
0.05664755731	926.3190166
0.05665012941	926.3149832
0.05666469092	926.292144
0.05667695389	926.2735382
0.05677194155	926.1319148
0.05686653339	925.9952742
0.05687874525	925.9779533
0.05689621969	925.9532952
0.05689657231	925.9527992
0.05689692347	925.9523053
0.05691443733	925.9254238
0.05693740432	925.8902363
0.05712796882	925.6010634
0.05714548268	925.5747367
0.05714584428	925.5742153
0.05714616741	925.5737493
0.05715740721	925.5575278
0.0571803748	925.5242961
0.05727418063	925.3873922
0.05729468171	925.3572205
0.05732057685	925.3189811
0.05738918847	925.2169659
0.05740251698	925.1970311
0.05741743208	925.174678
0.05748374649	925.074715
0.05754841215	924.9783868
0.05757523985	924.9386208
0.05763315094	924.8548302
0.05765824041	924.8183507
0.05768917582	924.7732232
0.05776523038	924.661582
0.05777858341	924.6418789
0.05778937489	924.6259332
0.05782871597	924.5676336
0.0578431702	924.5461474
0.0578706391	924.5052165
0.05796543294	924.3674228
0.05798160773	924.3440339
0.05803593526	924.2657383
0.05811990063	924.1455251
0.05821469446	924.0109702
0.05822821472	923.9902025
0.05823741177	923.9761603
0.05828636172	923.9025782
0.05835085287	923.8086046
0.05835889869	923.7971176
0.05836050987	923.7948236
0.05840200978	923.7364631
0.05842679253	923.7022785
0.05843656844	923.6889311
0.05844168224	923.6816057
0.0585316577	923.5516487
0.05853471032	923.5472042
0.05854312138	923.5363004
0.05857986079	923.488674
0.05861607503	923.4417297
0.05866074577	923.3838251
0.05870048286	923.3323174
0.05876015193	923.2549767
0.05876655557	923.2466767
0.05880741593	923.1928825
0.05882243429	923.1729147
0.05889402843	923.0777379
0.05891838456	923.0453633
0.05903232132	922.8939458
0.05905667745	922.8615837
0.05907169582	922.8416299
0.05914328995	922.7465191
0.05916764609	922.714167
0.05928158285	922.5628547
0.05930593898	922.5305151
0.05932095734	922.5105751
0.05939255148	922.4155304
0.05941690761	922.3825623
0.05953145361	922.2267634
0.05953815377	922.2176998
0.05958503488	922.1544342
0.05964418425	922.0749949
0.05982163237	921.8392353
0.05983298079	921.8242882
0.05984226807	921.8120675
0.05987146089	921.7737226
0.05988708725	921.75324
0.0598880704	921.7519523
0.05990558426	921.7286561
0.05992855125	921.698165
0.06011911575	921.4477382
0.06013662961	921.4249527
0.06013669713	921.4248585
0.06013698077	921.4244632
0.06013733339	921.4239718
0.06015480783	921.3996757
0.0602496771	921.2696891
0.06026161153	921.2535663
0.0602741676	921.2366591
0.06036886216	921.1109771
0.06037583208	921.1029402
0.06038628695	921.0908358
0.06038714547	921.0898392
0.06040463736	921.0694473
0.06047120514	920.9903323
0.06047322351	920.9878961
0.06051825285	920.9329732
0.06060736263	920.8039818
0.06062266249	920.781306
0.06062343315	920.7801597
0.06062429787	920.7790372
0.06064938734	920.7466017
0.06068032275	920.7069631
0.06068610482	920.6995978
0.06072775885	920.6469422
0.06078052182	920.5812627
0.0608198629	920.5330322
0.06084726161	920.4998166
0.06086178603	920.4823331
0.06095657986	920.3595517
0.06097275466	920.338581
0.06102708219	920.2681016
0.06111104755	920.159041
0.06120584139	920.0357233
0.06121936164	920.0161934
0.0612285587	920.0029906
0.06127750864	919.9338437
0.0613419998	919.8456285
0.06135004562	919.8348531
0.0613516568	919.8327014
0.06139315671	919.7779859
0.06141793946	919.745959
0.06142771536	919.7334588
0.06143282917	919.7265199
0.06152280462	919.6041072
0.06152585724	919.5999433
0.0615342683	919.5896809
0.06157100772	919.5447983
0.06160722196	919.500467
0.0616518927	919.4456601
0.06169162978	919.3967918
0.06175129886	919.3232085
0.0617577025	919.3152971
0.06179856286	919.264121
0.06181358122	919.2450816
0.06188517536	919.1540959
0.06190953149	919.1230588
0.06202346825	918.9773022
0.06204782438	918.9460229
0.06206284274	918.9267143
0.06213443688	918.8344453
0.06215879301	918.8029716
0.06227272977	918.6551727
0.06229708591	918.6234567
0.06231210427	918.6038789
0.0623836984	918.5103266
0.06240805454	918.4776688
0.06252260054	918.3229152
0.06252930069	918.3138763
0.0625761818	918.2506709
0.06263533118	918.1710263
0.0628127793	917.9327675
0.06282412772	917.9175645
0.06283341499	917.9051258
0.06286260782	917.8660452
0.06287823418	917.8451373
0.06287921732	917.8438221
0.06289673118	917.8199086
0.06291969817	917.7885722
0.06311026267	917.5295582
0.06312777653	917.5058426
0.0631281639	917.5052802
0.06312838804	917.5049547
0.06314402057	917.4822847
0.06315595759	917.465009
0.06326564705	917.3076878
0.0633454211	917.1948872
0.0633662962	917.1655942
0.06336810189	917.1630648
0.0634031302	917.1141341
0.0634062914	917.1097311
0.06346285309	917.0313123
0.06349504802	916.986551
0.06357075792	916.8803352
0.06358830654	916.8555244
0.0636323472	916.7939934
0.06366124918	916.7542918
0.06368222646	916.725813
0.06372757281	916.6652187
0.06372781626	916.664897
0.06372985979	916.6621978
0.06376705974	916.6135324
0.06377959432	916.5973353
0.06381734381	916.5491664
0.06383680751	916.524689
0.06385293295	916.5045944
0.06394772679	916.3709473
0.06396390159	916.3481245
0.06401822912	916.271428
0.06410219448	916.1527708
0.06419698832	916.0186365
0.06420825719	916.0004109
0.06423049393	915.9647929
0.06425440499	915.9270058
0.0643018273	915.8536359
0.064307187	915.8454751
0.06431112372	915.839498
0.06434705717	915.7856059
0.06435506073	915.7737658
0.06438191604	915.7344725
0.06442174421	915.6818478
0.06442898077	915.6722607
0.06446630494	915.622688
0.06451480463	915.5579603
0.06454922138	915.5118137
0.06458988439	915.457063
0.06461270638	915.4262256
0.06463002285	915.4029867
0.06467352041	915.338704
0.06475297344	915.2209985
0.0647637888	915.2049475
0.06487928437	915.0331142
0.06492278193	914.9681964
0.06500223497	914.8493307
0.06501305032	914.8331218
0.0651285459	914.6596022
0.06517204346	914.5940492
0.06525149649	914.4740235
0.06528007488	914.4303187
0.06531157706	914.3815356
0.06531991751	914.3685793
0.06539215304	914.2556571
0.06542612529	914.2021099
0.06542677384	914.2010849
0.06547247503	914.1339504
0.06547326357	914.1327297
0.06553660768	914.0345047
0.06562605541	913.8952465
0.06566173189	913.8395215
0.06569425037	913.7886391
0.06577308778	913.6649235
0.06579118738	913.6364494
0.06591585436	913.4429877
0.06593086215	913.419631
0.06600664792	913.3014646
0.06602544111	913.272105
0.06604044891	913.2486428
0.06616511588	913.0531887
0.06618012368	913.0295922
0.06625590945	912.9102146
0.06627470264	912.8805546
0.06628971043	912.8568526
0.06641437741	912.659406
0.06653146781	912.4743186
0.06654822622	912.4476513
0.0665969202	912.368563
0.06660263655	912.3593525
0.06665224037	912.2800817
0.06665682014	912.2728219
0.06665942703	912.2686939
0.06672726731	912.1624077
0.06679482489	912.0587411
0.06688540444	911.9113459
0.06690579352	911.8779716
0.06690897125	911.8727636
0.06704408641	911.6497016
0.06713466596	911.4983909
0.06715505505	911.4641353
0.06715823278	911.4587899
0.0671719758	911.4338882
0.06722628854	911.3363163
0.06728976628	911.223979
0.06730256909	911.2015437
0.06733400654	911.1467697
0.06735183835	911.1159007
0.06736444576	911.094163
0.06739779333	911.0370134
0.06741503839	911.0108483
0.06747560559	910.9170883
0.06748859725	910.8931493
0.06750585802	910.8611101
0.0675604616	910.7579982
0.06758716942	910.7129753
0.06759944499	910.692386
0.06763610582	910.6312878
0.06763827622	910.627689
0.06763910328	910.6263182
0.067645933	910.6150097
0.06768701714	910.5474125
0.06772217147	910.4901564
0.06776396955	910.4227813
0.06780639548	910.3551734
0.06782860288	910.3200979
0.06786169872	910.2625688
0.06789322384	910.207681
0.06805535653	909.9240249
0.06807786441	909.8844653
0.06811096024	909.8262161
0.06813197136	909.7873187
0.06813831199	909.7756098
0.06822315243	909.6202438
0.06828186988	909.5141387
0.06833732607	909.4149954
0.06834373392	909.4036065
0.06835252168	909.3880103
0.06836069805	909.3735225
0.06836465717	909.3665154
0.06836860873	909.3599409
0.06839119441	909.3222897
0.06844126754	909.2383673
0.06844600328	909.2303982
0.06847759694	909.1770922
0.06848191927	909.1693172
0.06852150932	909.0975371
0.06853859593	909.066243
0.06861071492	908.932067
0.06861092995	908.9316619
0.06862087214	908.9128981
0.06862193916	908.9108806
0.06862927863	908.8969826
0.06864154159	908.8753778
0.06873652926	908.7086894
0.06883112109	908.5438574
0.06884333295	908.522662
0.06886080739	908.4923662
0.06886116002	908.4917553
0.06886151117	908.4911469
0.06887902504	908.4594907
0.06890199202	908.4179707
0.06909255652	908.0731463
0.06911007039	908.0414265
0.06911044006	908.0407734
0.06911072757	908.0402654
0.06912253118	908.0193981
0.06915461096	907.9625507
0.06924164139	907.8073395
0.06927257449	907.7518252
0.06929303879	907.7149986
0.06934397267	907.6229937
0.06937284273	907.5706244
0.06938665702	907.5455096
0.069409962	907.5030579
0.0694635464	907.4050574
0.06953026368	907.2833971
0.06954048549	907.2647338
0.06960459476	907.1471538
0.06966662412	907.033098
0.06973080611	906.9147834
0.06978507078	906.8145121
0.0698384921	906.7155857
0.06984908155	906.6959508
0.06988985675	906.620268
0.06995130132	906.5059878
0.06996339011	906.4834709
0.06997362891	906.4645955
0.06998895777	906.4363414
0.07003092301	906.3590222
0.07004625187	906.3307906
0.07005649068	906.3119369
0.07021265163	906.0247159
0.07022289044	906.0059059
0.0702382193	905.9777498
0.07028018454	905.9006988
0.0702955134	905.8725653
0.0703057522	905.853777
0.07046191316	905.5711487
0.07052944606	905.4492521
0.0705513656	905.4082603
0.07055740664	905.3969837
0.07061266133	905.2942589
0.07063441731	905.2540183
0.07064648342	905.2317507
0.07073074453	905.0772489
0.07074548815	905.0503946
0.07077408903	904.9984531
0.07080701351	904.9389091
0.07082802992	904.9000238
0.07092247138	904.725472
0.07096183356	904.6528109
0.07105627503	904.478692
0.07107729144	904.4399862
0.07117173291	904.2662407
0.07121109509	904.1939157
0.07130553655	904.0206031
0.07132655297	903.9820767
0.07140713961	903.8335602
0.07141459185	903.820057
0.07142073947	903.8089472
0.07142680206	903.7978124
0.07146960853	903.7190134
0.07155561643	903.5597417
0.07158435306	903.5062448
0.07160497155	903.4677738
0.07161591975	903.4479009
0.07162041501	903.4397579
0.07162510847	903.4312662
0.07164024545	903.4039516
0.07165255938	903.3818123
0.07175318254	903.2036315
0.07178306051	903.151661
0.0718411352	903.0518715
0.07187584824	902.992998
0.0718948137	902.9590744
0.07193145195	902.8937299
0.07196138846	902.8405245
0.07208847151	902.6165304
0.07212510977	902.5525139
0.07214407522	902.519475
0.07220029406	902.4185199
0.07220869394	902.4035086
0.07228167997	902.2738743
0.07228851041	902.2618155
0.07233358323	902.1825563
0.07238799544	902.0876006
0.07243061681	902.0137765
0.07249744843	901.8989999
0.07255266258	901.8050798
0.07257750344	901.763092
0.07258093468	901.7572182
0.07259169537	901.7383533
0.07263310715	901.6659279
0.07282676496	901.3309263
0.07283019621	901.3250455
0.0728409569	901.3066152
0.07288236868	901.2358624
0.07307602649	900.9086825
0.07307945773	900.9029403
0.07309021842	900.8849446
0.0731316302	900.8158644
0.07313849269	900.8045203
0.07315820654	900.7721648
0.0732472184	900.6259596
0.07328815227	900.5586616
0.07331994699	900.5063617
0.07335202128	900.4535778
0.07339230307	900.3872528
0.07339741687	900.3787558
0.07348739233	900.2301338
0.07349044494	900.2251207
0.073498856	900.2124006
0.07353559542	900.1569203
0.07357180966	900.102362
0.0736164804	900.0352399
0.07365621748	899.9756948
0.07371588656	899.8865715
0.0737222902	899.8770275
0.07376315056	899.8152031
0.07377816892	899.7923009
0.07384976306	899.6834727
0.07387411919	899.6465811
0.07398805595	899.4748899
0.07401241208	899.4383771
0.07402743044	899.415896
0.07409902458	899.3090748
0.07412338071	899.272866
0.07423731748	899.104369
0.07426167361	899.068539
0.07427669197	899.046479
0.07434828611	898.941665
0.07437264224	898.9056465
0.07448718824	898.7362973
0.07449388839	898.7265053
0.07454076951	898.6583417
0.07459991888	898.5732183
0.074777367	898.3237249
0.07478871542	898.3080688
0.0747980027	898.2952831
0.07482719552	898.2552508
0.07484282188	898.2339203
0.07484380503	898.2325805
0.07486131889	898.2083607
0.07488428588	898.1767362
0.07507485038	897.9203083
0.07509236424	897.897276
0.07509243176	897.8971815
0.07509271539	897.8967849
0.07509306802	897.8962919
0.07511054246	897.8719426
0.07520541173	897.7426024
0.07521734616	897.7266728
0.07522990222	897.7099957
0.07532459679	897.5869403
0.0753315667	897.5789761
0.07534202158	897.5670099
0.0753428801	897.5660262
0.07536037199	897.5459493
0.07542693977	897.4689347
0.07542895813	897.4665845
0.07547398748	897.4139218
0.07556309725	897.2915123
0.07557839711	897.2703633
0.07557916778	897.269297
0.0755800325	897.2682342
0.07560512197	897.2375867
0.07563605737	897.2002994
0.07564183945	897.1933915
0.07568349348	897.1441985
0.07573625645	897.0833265
0.07577559752	897.0389871
0.07580299624	897.0086361
0.07581752066	896.9927228
0.07591231449	896.8824914
0.07592848929	896.8639088
0.07598281682	896.8019769
0.07606678218	896.7077229
0.07616157602	896.6034503
0.07617509627	896.5870407
0.07618429333	896.5759853
0.07623324327	896.5186018
0.07629773443	896.4467458
0.07630578025	896.4380801
0.07630739143	896.4363527
0.07634889133	896.3927765
0.07637367408	896.3675951
0.07638344999	896.3578349
0.07638856379	896.3524093
0.07647853925	896.2565125
0.07648159187	896.2532445
0.07649000293	896.2455835
0.07652674235	896.2122874
0.07656295659	896.1797332
0.07660762733	896.1399408
0.07664736441	896.1048809
0.07670703348	896.052832
0.07671343712	896.0472888
0.07675429748	896.0112314
0.07676931585	895.9978954
0.07684090998	895.9349835
0.07686526612	895.9138306
0.07697920288	895.8165602
0.07700355901	895.7961264
0.07701857737	895.7835898
0.07709017151	895.7244882
0.07711452764	895.7046315
0.0772284644	895.613425
0.07725282053	895.5942875
0.0772678389	895.5825501
0.07733943303	895.5272589
0.07736378917	895.508103
0.07747833517	895.4193001
0.07748503532	895.4142597
0.07753191643	895.3794685
0.0775910658	895.3367616
0.07776851392	895.2166001
0.07777986234	895.2093216
0.07778914962	895.2034013
0.07781834244	895.1850049
0.0778339688	895.1752905
0.07783495195	895.1746824
0.07785246581	895.1634726
0.0778754328	895.1489478
0.0780659973	895.0360999
0.07808351116	895.0264155
0.07808357868	895.0263727
0.07808386232	895.0261931
0.07808421495	895.02597
0.07810168938	895.0149999
0.07819655865	894.9585328
0.07820849308	894.9517988
0.07822104915	894.9448032
0.07831574371	894.8949884
0.07832271363	894.8924702
0.07833316851	894.88868
0.07833402703	894.8883681
0.07835151892	894.8819906
0.0784180867	894.8573283
0.07842010506	894.8565708
0.07846513441	894.8395236
0.07855424418	894.7875978
0.07856954404	894.778733
0.0785703147	894.7782869
0.07857117942	894.7779188
0.07859626889	894.7674558
0.0786272043	894.7551339
0.07863298637	894.7529018
0.0786746404	894.7374815
0.07872740337	894.719613
0.07876674445	894.7075003
0.07879414316	894.6996754
0.07880866758	894.6957307
0.07890346142	894.6641331
0.07891963621	894.6589997
0.07897396374	894.6423085
0.07905792911	894.6181813
0.07915272294	894.5933795
0.0791662432	894.5881835
0.07917544025	894.5847623
0.0792243902	894.5680984
0.07928888135	894.5501141
0.07929692717	894.5481871
0.07929853835	894.5478097
0.07934003826	894.5390588
0.07936482101	894.5347245
0.07937459692	894.5331981
0.07937971072	894.5319656
0.07946968618	894.5115788
0.0794727388	894.5109302
0.07948114986	894.5105034
0.07951788927	894.5088145
0.07955410351	894.5074289
0.07959877425	894.5061015
0.07963851134	894.505275
0.07969818041	894.5046607
0.07970458405	894.5046395
0.07974544441	894.503621
0.07976046277	894.5032113
0.07983205691	894.5020074
0.07985641304	894.5018802
0.0799703498	894.5031895
0.07999470593	894.5038764
0.0800097243	894.5043714
0.08008131843	894.5074805
0.08010567457	894.5088206
0.08021961133	894.5169937
0.08024396746	894.5191479
0.08025898582	894.5205476
0.08033057996	894.5279698
0.08035493609	894.529971
0.08046948209	894.5413069
0.08047618225	894.5421325
0.08052306336	894.548412
0.08058221273	894.5575897
0.08075966085	894.5935234
0.08077100927	894.5962502
0.08078029655	894.5985201
0.08080948937	894.6058798
0.08082511573	894.6099595
0.08082609888	894.6102195
0.08084361274	894.6145054
0.08086657973	894.6203033
0.08105714423	894.6761755
0.08107465809	894.6820059
0.08107472561	894.6820224
0.08107500925	894.6820918
0.08107536187	894.6821781
0.08109283631	894.6865504
0.08118770558	894.71347
0.08119964001	894.717237
0.08121219608	894.7212921
0.08130689064	894.7549075
0.08131386056	894.7585594
0.08132431543	894.7640203
0.08132517395	894.7644678
0.08134266584	894.7735558
0.08140923362	894.8076182
0.08141125199	894.8086381
0.08145628133	894.8311925
0.08154539111	894.8580705
0.08156069097	894.8626224
0.08156146163	894.8628512
0.08156232635	894.8632364
0.08158741582	894.8746207
0.08161835123	894.889214
0.0816241333	894.8920097
0.08166578733	894.9127843
0.0817185503	894.9406982
0.08175789138	894.9626743
0.08178529009	894.9785662
0.08179981451	894.9871862
0.08189460834	895.0377699
0.08191078314	895.0466594
0.08196511067	895.0770687
0.08204907603	895.125739
0.08214386987	895.1831252
0.08215739012	895.1897225
0.08216658718	895.1943182
0.08221553712	895.2202483
0.08228002828	895.2581898
0.0822880741	895.2632248
0.08228968528	895.2642411
0.08233118519	895.2913423
0.08235596794	895.308375
0.08236574384	895.3152683
0.08237085765	895.3185859
0.0824608331	895.3765365
0.08246388572	895.3784887
0.08247229678	895.3852582
0.0825090362	895.4149766
0.08254525044	895.444508
0.08258992118	895.4812606
0.08262965826	895.514256
0.08268932734	895.5643356
0.08269573098	895.5697482
0.08273659134	895.6034741
0.0827516097	895.6158507
0.08282320384	895.6754764
0.08284755997	895.6959966
0.08296149673	895.7935783
0.08298585286	895.814778
0.08300087122	895.8279096
0.08307246536	895.891135
0.08309682149	895.9128799
0.08321075825	896.0161902
0.08323511439	896.0386144
0.08325013275	896.0525012
0.08332172688	896.1193262
0.08334608302	896.1413785
0.08346062902	896.2471616
0.08346732917	896.2534956
0.08351421028	896.2982677
0.08357335966	896.3558868
0.08375080778	896.5363121
0.0837621562	896.5482372
0.08377144347	896.5580309
0.0838006363	896.5890182
0.08381626266	896.6057313
0.0838172458	896.6067858
0.08383475966	896.6251949
0.08385772665	896.6494842
0.08404829115	896.8575115
0.08406580501	896.8772116
0.08406587254	896.8772816
0.08406615617	896.8775757
0.0840665088	896.8779413
0.08408398323	896.8961382
0.08417885251	896.9975519
0.08419078693	897.0106233
0.084203343	897.0244511
0.08429803756	897.131236
0.08430500748	897.1402612
0.08431546236	897.1537746
0.08431632088	897.154883
0.08433381277	897.1774229
0.08440038055	897.2624553
0.08440239891	897.265015
0.08444742826	897.3218401
0.08453653803	897.4157313
0.08455183789	897.431902
0.08455260855	897.4327169
0.08455347328	897.4337575
0.08457856274	897.4641563
0.08460949815	897.502192
0.08461528022	897.509369
0.08465693425	897.5617035
0.08470969723	897.6295872
0.0847490383	897.6813605
0.08477643701	897.7180018
0.08479096143	897.7376204
0.08488575527	897.8575729
0.08490193007	897.878234
0.0849562576	897.9480433
0.08504022296	898.0571883
0.0851350168	898.1822361
0.08514853705	898.198079
0.08515773411	898.208987
0.08520668405	898.2688274
0.0852711752	898.3522525
0.08527922102	898.3630263
0.0852808322	898.3651935
0.08532233211	898.4221369
0.08534711486	898.4571718
0.08535689077	898.4712036
0.08536152202	898.476784
0.08538887623	898.5096589
0.08545125199	898.5840779
0.08546416126	898.6039967
0.08550137939	898.6616399
0.08553735679	898.7176667
0.08558048607	898.7852265
0.08561972775	898.8470713
0.08568102794	898.9443946
0.0856868779	898.9537278
0.08572773826	899.0144351
0.08574275662	899.0360226
0.08581435076	899.1395053
0.08583870689	899.1749256
0.08595264365	899.3420748
0.08597699979	899.3781171
0.08599201815	899.4003959
0.08606361229	899.5071739
0.08608796842	899.5437152
0.08620190518	899.7161087
0.08622626131	899.753272
0.08624127967	899.7762421
0.08631287381	899.8863154
0.08633722994	899.9229179
0.08641354614	900.0432993
0.08641694438	900.0486673
0.08644391851	900.0913007
0.08647222463	900.1361623
0.08653885135	900.2419504
0.0865545101	900.2668524
0.08656044798	900.2762985
0.08669563864	900.4927801
0.08678391642	900.6356052
0.08680377163	900.6678885
0.08680970951	900.6775545
0.08694490017	900.8990422
0.08703317794	901.045136
0.08705303315	901.0781546
0.08705897103	901.0880404
0.08719416169	901.3145341
0.08728243947	901.4638968
0.08728861007	901.4739087
0.08730488924	901.5003267
0.08731537766	901.5187135
0.08734283813	901.566929
0.08735289792	901.5846195
0.08743785437	901.7273125
0.08748899552	901.8136029
0.08749101001	901.8169888
0.08763274272	902.0561853
0.08763526931	902.0604667
0.08773825705	902.2355019
0.08774027154	902.2389358
0.08788200424	902.4815028
0.08788453083	902.4858443
0.08798751857	902.6633287
0.08798953306	902.6668105
0.08813126576	902.9127481
0.08813379235	902.9171496
0.08813742886	902.9233173
0.08825836852	903.1293223
0.08829500415	903.1903978
0.08834421256	903.2722568
0.08837728229	903.3271549
0.08837866211	903.3294435
0.08842139327	903.4002399
0.08851433644	903.571593
0.08852824691	903.5971747
0.08855249705	903.6417312
0.08860440236	903.73693
0.0886701729	903.8572246
0.0887188852	903.9459136
0.08873390351	903.9728607
0.08880549768	904.1012829
0.08882985383	904.1449574
0.08894379057	904.3491677
0.08896814673	904.3928009
0.08898316501	904.419702
0.08905475919	904.5479049
0.08907911536	904.5915049
0.08919305208	904.7953662
0.08921740826	904.8389248
0.08923242651	904.8657798
0.08930402071	904.9937636
0.08932837689	905.0374279
0.08936128965	905.0950545
0.0894713816	905.2910958
0.08966161902	905.6279623
0.08970873229	905.711019
0.08974029508	905.7665794
0.08974838189	905.7809302
0.0897670278	905.8140286
0.08990117318	906.0525418
0.08997091066	906.176808
0.08998955662	906.2100649
0.08999764344	906.2244927
0.09001628941	906.2577687
0.09015043478	906.497559
0.09022017214	906.6224889
0.09023881816	906.6559234
0.09024690499	906.6704282
0.09031251181	906.7842181
0.09039536261	906.9269202
0.0904014869	906.9381208
0.09043452341	906.99839
0.09047924237	907.0795657
0.09049327785	907.1049471
0.0905149822	907.1441062
0.09055418918	907.2145646
0.09060322633	907.3021833
0.09062543192	907.3413108
0.09068316682	907.4436892
0.09076623922	907.5904323
0.09077946229	907.6137287
0.09087469366	907.7810082
0.09093242983	907.8819987
0.09101550053	908.0267386
0.09102872404	908.0497173
0.09112395541	908.2147039
0.09118169284	908.3143063
0.09126476183	908.457043
0.09127692362	908.4754292
0.09135604093	908.6080285
0.09137163248	908.634121
0.09138314795	908.6533841
0.09149232983	908.8334104
0.09152813434	908.892286
0.09157819695	908.9744736
0.09170728382	909.1894936
0.09173380052	909.2335158
0.09178633504	909.3205841
0.09182745919	909.3886044
0.09195654658	909.6013364
0.09198306031	909.6448835
0.09203559153	909.7310149
0.09207672143	909.7983154
0.09220580935	910.0087595
0.09222781111	910.043956
0.09224394104	910.0681234
0.09227243004	910.1107974
0.09230734863	910.1630832
0.09235231331	910.2303806
0.09240222492	910.305041
0.09243064525	910.3523171
0.09243989497	910.3676487
0.09246015253	910.4011318
0.09250273034	910.4710852
0.09254370399	910.5378633
0.09257333782	910.5858299
0.09262430251	910.6685886
0.09263439871	910.68508
0.09270577025	910.7975725
0.09271576108	910.8132222
0.09274537091	910.859463
0.09288366825	911.0726571
0.09295502376	911.1808649
0.09296502808	911.1959386
0.09299464045	911.2404156
0.09313293779	911.445354
0.09320427727	911.5492789
0.09322625212	911.5774728
0.09323170944	911.5845061
0.0932540707	911.6185895
0.09329938768	911.6871866
0.09344729351	911.9066416
0.09344971585	911.9101793
0.09345770524	911.9218343
0.09346553669	911.9332398
0.09346751173	911.9363177
0.09347055129	911.9410545
0.09348353249	911.9612836
0.09349319336	911.9751135
0.09362826118	912.1683619
0.09363278833	912.1748357
0.09368182465	912.2449433
0.09368387888	912.2478797
0.0937575829	912.3532045
0.09381467026	912.4325404
0.09390988319	912.5632606
0.09396393437	912.6365788
0.09400689251	912.6943899
0.09406388373	912.7704577
0.09415909666	912.8959422
0.09421324889	912.966419
0.09425620212	913.0218606
0.09431309719	913.0946708
0.09436477211	913.1586691
0.09440718707	913.2110027
0.09447453871	913.2991147
0.09449170996	913.3213613
0.09450972358	913.3446042
0.09458610869	913.4420827
0.09473887893	913.6317926
0.09474976678	913.645046
0.09475988639	913.6573324
0.09476503032	913.663566
0.09476672687	913.6656202
0.0947736782	913.6740279
0.09477810601	913.6793758
0.09478040397	913.6821674
0.09491830579	913.8484936
0.09501117655	913.9591789
0.09502164425	913.9710527
0.09502195226	913.9714018
0.09502599738	913.975984
0.0950348087	913.9859534
0.09503716504	913.9886167
0.09516940203	914.1362354
0.09518032158	914.148263
0.09524847224	914.2227703
0.0952630699	914.2386043
0.09528896854	914.2665877
0.09529566671	914.2738024
0.09533747199	914.322767
0.09534657485	914.3334549
0.09534729607	914.3343007
0.09544396053	914.4463828
0.09544428802	914.4467582
0.09549531148	914.5048873
0.09552369569	914.536917
0.09557901629	914.5995421
0.0955815161	914.6023595
0.09565705679	914.6869841
0.09565871433	914.6888299
0.09570619355	914.7403403
0.09570761886	914.7418812
0.09578474511	914.8247914
0.09590743141	914.9547719
0.09595406398	915.003563
0.09595661944	915.006227
0.09600917712	915.0607911
0.09615614849	915.211093
0.09620193441	915.2572301
0.09620562003	915.2609298
0.09620886267	915.2642196
0.09622270904	915.2782328
0.09638079251	915.4342492
0.09639353409	915.4465062
0.09639427411	915.4472648
0.09640603841	915.4593189
0.09641350254	915.4669609
0.0964636969	915.5182302
0.09648642666	915.5413774
0.09653777376	915.5935086
0.0965520246	915.6079379
0.09665412415	915.7046874
0.0966892173	915.7375064
0.09677436598	915.8162116
0.09680124034	915.8407801
0.09690350549	915.933077
0.09693852863	915.9642516
0.09702367731	916.0391186
0.09705555652	916.06357
0.0971165574	916.11108
0.09715982319	916.1453522
0.09718393806	916.1646615
0.0971915554	916.1707031
0.09723326569	916.2038249
0.09730002997	916.2569826
0.09730106441	916.2578075
0.09730156832	916.2582094
0.09730181906	916.2584395
0.0974018528	916.3493279
0.09742853477	916.3732651
0.09746876807	916.4091162
0.09748619605	916.4245552
0.09751492487	916.4486597
0.09757193565	916.4961253
0.09769175662	916.5921286
0.0977256788	916.6190554
0.09775583464	916.642899
0.09782120295	916.6942823
0.09794102321	916.7873942
0.09797492252	916.813485
0.09800511902	916.8366323
0.09807047026	916.8864254
0.09819028981	916.9766459
0.09821466636	916.9951816
0.09823182309	917.0082202
0.098276835	917.0423996
0.09835224034	917.0995666
0.0983940153	917.131188
0.098492965	917.2095436
0.09850420506	917.2183082
0.09850464711	917.2186524
0.09855633958	917.2586376
0.09858216417	917.2786741
0.09858763815	917.2829263
0.09867120471	917.3480673
0.09868097907	917.3557141
0.09868586216	917.3595365
0.09874154633	917.3996759
0.09879682108	917.4388367
0.09881440835	917.4511541
0.0989253932	917.5272934
0.09893510187	917.5338233
0.09899081197	917.570887
0.09904606079	917.6069607
0.09906370631	917.6183388
0.09917469116	917.6883123
0.09918112755	917.6922028
0.09919385372	917.6999178
0.09930452719	917.7682891
0.09931356294	917.7739723
0.09934735914	917.7953644
0.0994141817	917.8382902
0.09941524317	917.8388958
0.0994210342	917.8421987
0.09942171403	917.8425863
0.09942499519	917.8444566
0.09950690713	917.8909351
0.09950810994	917.8916904
0.09955171623	917.91902
0.09966506957	917.9851261
0.09972697666	918.0209928
0.09972927428	918.0223207
0.09980113458	918.063737
0.09991449817	918.1286155
0.09997606764	918.1636171
0.09997870043	918.1651101
0.1000505529	918.20574
0.1001639268	918.2693907
0.1001994299	918.2889527
0.1002038288	918.2913625
0.1002642308	918.3241396
0.1003243394	918.3561802
0.1003438565	918.3664599
0.1004271695	918.4171461
0.1004442072	918.4274488
0.1004677958	918.4416778
0.1005004094	918.4597062
0.1005991316	918.513968
0.1006836422	918.5622648
0.1007030078	918.5731932
0.1007121957	918.57836
0.1008531	918.6561392
0.1009370057	918.7011539
0.1009565355	918.7114922
0.1009661642	918.7165698
0.1011070685	918.7894122
0.1011903691	918.8311873
0.1012100606	918.8409226
0.1012201326	918.8458815
0.1013195455	918.9015289
0.1013418566	918.9141429
0.1013467989	918.9169433
0.1013843161	918.9361366
0.1014349305	918.9618973
0.1014682599	918.9787773
0.1015284981	919.0091175
0.1015503102	919.0200503
0.1015712423	919.0305153
0.1016025554	919.0392974
0.1017145388	919.0906922
0.101792044	919.1258452
0.1018096145	919.1337668
0.1018540963	919.1537429
0.1019660797	919.2035341
0.1020459283	919.2386012
0.1020551768	919.2426394
0.1021056372	919.2645863
0.1022176205	919.3127739
0.1022537438	919.3291048
0.1022967498	919.3446143
0.1022980605	919.345085
0.1023695568	919.370579
0.1023702007	919.3708071
0.1024050608	919.3831075
0.1024331334	919.3929517
0.1025147005	919.4326142
0.1025391037	919.4443413
0.1025505821	919.4498351
0.1025882488	919.4677638
0.1026256617	919.4854205
0.1026357935	919.4896867
0.1026791225	919.5079774
0.1028000744	919.5566766
0.1028401792	919.5726183
0.1028993848	919.5959652
0.1029508088	919.6160624
0.1030717607	919.6626677
0.1030841519	919.6673897
0.1031932351	919.7085362
0.1032224951	919.7194442
0.1033012321	919.748526
0.1033281245	919.7583684
0.1033434471	919.7639556
0.1033551306	919.7686755
0.1034380231	919.802375
0.1034583426	919.8106929
0.1034997509	919.8259147
0.1035244563	919.8349263
0.1035675011	919.8505023
0.1035946685	919.860251
0.1036369769	919.8753067
0.1036805935	919.8905736
0.1037334474	919.908934
0.1037520389	919.915356
0.103895433	919.9642514
0.1039339072	919.9771788
0.1039844468	919.9940371
0.104010495	920.0026711
0.1041538892	920.0495358
0.1041872208	920.060268
0.1042347266	920.0754588
0.1042689511	920.086326
0.1043984152	920.1382418
0.1044349906	920.1520991
0.1044861694	920.1708904
0.1045068211	920.1773106
0.1045669533	920.19615
0.1046005782	920.2075169
0.1046214627	920.2145359
0.1046316823	920.2179591
0.1046353194	920.2191756
0.1046882221	920.2367623
0.1047200027	920.2472305
0.1047574997	920.259488
0.1047589092	920.2599468
0.1047679412	920.2628833
0.1048970308	920.2932853
0.1049224732	920.298969
0.1049568081	920.3083976
0.1049928939	920.3180431
0.1050264761	920.3267765
0.1051780691	920.3632853
0.1051808569	920.363912
0.1051921927	920.365805
0.1052361124	920.3733522
0.1052965828	920.3842968
0.105321272	920.3889496
0.1053473059	920.3939717
0.1053711983	920.3986852
0.1054088657	920.4063196
0.105439379	920.4126864
0.1055024192	920.4263572
0.1055138562	920.4287863
0.1055934528	920.4453176
0.1056564273	920.4579325
0.1057060927	920.4675923
0.105791102	920.4835345
0.1058045407	920.4859863
0.1058601008	920.4959249
0.1059058023	920.5038607
0.1059097662	920.5045389
0.1059135818	920.5051901
0.1059718762	920.5111779
0.1059861929	920.5129376
0.1060557896	920.5231155
0.1061001948	920.5352787
0.1061560771	920.5501694
0.1061597337	920.5507424
0.106248863	920.5637134
0.1063041552	920.5707996
0.1063534874	920.5803995
0.1063970219	920.5886284
0.1064404075	920.5966026
0.1064555056	920.5987831
0.1064673489	920.6005116
0.1066131419	920.6230984
0.1066525385	920.6296171
0.1066592861	920.6307513
0.1066690941	920.6324092
0.1066808892	920.6344269
0.106772777	920.6499968
0.106811909	920.6565476
0.1068575353	920.6641252
0.106863877	920.6651732
0.106869812	920.666153
0.1069195795	920.6743252
0.1069774089	920.6837243
0.1070685089	920.6983191
0.1070909049	920.7002688
0.1071995689	920.7084362
0.1072677218	920.7124653
0.1072735888	920.7127728
0.1072798524	920.7130941
0.1073480053	920.7161305
0.1074686242	920.7194386
0.1074776287	920.7187124
0.1074818232	920.7183766
0.1076169055	920.708395
0.1076647768	920.7218307
0.1076696879	920.723171
0.1076944565	920.7298224
0.1077371684	920.7408687
0.1078044145	920.7571735
0.1078128064	920.7579045
0.1078542351	920.7613713
0.1078819761	920.7608929
0.1078826609	920.7607043
0.1078847106	920.7601384
0.1079527919	920.7401113
0.1079717173	920.7341203
0.1079761901	920.7326775
0.1080145182	920.7198915
0.1080391204	920.7112859
0.1080767189	920.7151947
0.1081154195	920.7193224
0.1081476627	920.7228421
0.1082183144	920.7308113
0.1082470935	920.7313799
0.1082658858	920.7316621
0.1082929001	920.7319443
0.1083134573	920.7320616
0.1083140119	920.7320635
0.1083184897	920.7320774
0.1084097094	920.7314892
0.1084816264	920.7298554
0.1085297525	920.728186
0.1085921295	920.7282018
0.108671438	920.727721
0.1086759445	920.7276768
0.1087072891	920.7273195
0.1088072309	920.7255953
0.1088163367	920.725394
0.108816576	920.7253886
0.1088546613	920.7244654
0.1089358008	920.7220674
0.1089657791	920.7199807
0.1089836276	920.7186577
0.1090515777	920.7130698
0.1090941694	920.7091223
0.1091373763	920.7047673
0.1091515413	920.7032628
0.1091657063	920.7017203
0.1092673183	920.6895434
0.1093672819	920.6756594
0.1093972602	920.6711274
0.1094178122	920.6670018
0.1094857224	920.6545205
0.1095157648	920.6512424
0.1095491175	920.6474931
0.1095660214	920.6453038
0.1096483477	920.6343618
0.1096940985	920.6280804
0.1097415895	920.6214086
0.1097644342	920.6181442
0.109780169	920.615875
0.1098043118	920.6139591
0.1098270279	920.6121317
0.1099014517	920.6059766
0.1100171937	920.5958923
0.1100216465	920.5953557
0.110033678	920.5938785
0.1100338039	920.5938628
0.1100340279	920.5938349
0.1100420952	920.5928214
0.1100501624	920.59179
0.1101811066	920.5725475
0.1102494186	920.5606385
0.1102578357	920.5590824
0.1103177048	920.55485
0.1103755683	920.5506093
0.1103830161	920.5500527
0.1103930471	920.5492993
0.1104530669	920.5446984
0.1105007603	920.5409292
0.1105132786	920.5399233
0.1105170476	920.5387771
0.1105255086	920.5362156
0.1106100959	920.5114788
0.1106455005	920.5015955
0.1106525189	920.4996693
0.1106587037	920.4979809
0.1107628382	920.4708255
0.1108076489	920.4628745
0.1109074167	920.4435343
0.1109343726	920.4379209
0.1109785788	920.428358
0.1110227849	920.4183513
0.1110235031	920.4181141
0.1110245314	920.4177746
0.1111054294	920.3912052
0.1111706248	920.3699918
0.1112004351	920.3603512
0.1112327361	920.349947
0.111279799	920.3348659
0.1112932801	920.3328032
0.1113384482	920.325848
0.1113790016	920.3195452
0.1114247628	920.3123669
0.111449235	920.3094983
0.1114770029	920.3060667
0.1114806867	920.3055974
0.1114849616	920.3050486
0.1115468763	920.2960698
0.1115898325	920.2905416
0.1116499414	920.2781206
0.1117100504	920.2653562
0.1118152663	920.2421864
0.111865682	920.2307113
0.1119160977	920.2189947
0.1120213137	920.1937643
0.1120814226	920.1788781
0.1121184825	920.1666878
0.1121197551	920.1662839
0.1121675954	920.1518041
0.1121689551	920.1514126
0.1122071812	920.1408622
0.1122515125	920.129726
0.1122677159	920.1259502
0.1122769534	920.1238683
0.1123167631	920.1124155
0.112431055	920.0783435
0.1124765338	920.064294
0.1124926939	920.0592344
0.112508854	920.0541394
0.1125543328	920.0396112
0.1126686247	920.0018651
0.1127217044	919.9822273
0.112797899	919.9556135
0.112849765	919.9385599
0.1128801813	919.9331291
0.1129057273	919.9283935
0.1129480527	919.9201968
0.1130372606	919.901489
0.113060325	919.8963362
0.1130822817	919.8913102
0.1131054874	919.8858704
0.1131142073	919.884111
0.1131440919	919.87817
0.1132191508	919.8603075
0.113294702	919.8410416
0.1133508727	919.8258813
0.1134344953	919.8019902
0.1134584469	919.7948559
0.113468075	919.7919515
0.1135065356	919.7801404
0.113517821	919.7766112
0.1136257156	919.7414167
0.1136334411	919.7391007
0.1136452924	919.7355389
0.113709749	919.7159798
0.1137730817	919.6964534
0.1137873499	919.6920121
0.113861033	919.6688299
0.1138914108	919.6627251
0.1139027907	919.6604221
0.1139096288	919.6590341
0.1139210742	919.6567038
0.1139506448	919.6506424
0.1140061978	919.6390957
0.1140165201	919.6369273
0.1140453482	919.6308334
0.1140867368	919.6219863
0.1141307859	919.6099533
0.1141678941	919.5999743
0.1141827822	919.5960113
0.1142171592	919.5869494
0.1142347785	919.582353
0.1143024773	919.564995
0.1143701762	919.5481179
0.1143777848	919.5462512
0.1143985228	919.5411941
0.1145182179	919.5128871
0.1145622671	919.5028482
0.1145712553	919.4998227
0.1146079636	919.4876664
0.1146183171	919.4849467
0.1146377098	919.4798853
0.114685232	919.4753707
0.1147890229	919.465242
0.114797709	919.4643776
0.1147992131	919.4642277
0.1148016443	919.4634583
0.1148119001	919.460216
0.1148460408	919.4494571
0.1148628792	919.4428793
0.1149953793	919.3917181
0.1150724034	919.3624656
0.1150751456	919.3619259
0.115121365	919.3529328
0.1152119834	919.3358646
0.1152322149	919.3315005
0.1152524465	919.3271565
0.1152808524	919.3210916
0.1154040743	919.2952439
0.1154479555	919.2862202
0.1154918367	919.2772916
0.1156150587	919.2527279
0.1156434646	919.2471717
0.1156636961	919.2432387
0.1156839276	919.2389509
0.1156922723	919.2371882
0.1157597415	919.2230634
0.1157993567	919.214875
0.1158355555	919.2074609
0.1158794366	919.1985603
0.1159233178	919.1897552
0.1159425508	919.1859261
0.1159754821	919.1794122
0.1160410711	919.1665989
0.1160951772	919.1561894
0.1161154087	919.1523343
0.1161887206	919.133357
0.1162214951	919.1251501
0.1162736012	919.1200415
0.1164560654	919.1052509
0.1164637225	919.1047356
0.1164835054	919.1034436
0.1164976097	919.1025571
0.1164993357	919.1022366
0.1165133182	919.0996499
0.1165270339	919.0957676
0.1165390823	919.0923895
0.1165491821	919.0895811
0.1166742163	919.0565702
0.1166954712	919.051282
0.1167097287	919.0477874
0.1167619884	919.03534
0.1167940106	919.0333977
0.116866177	919.0301496
0.1168907358	919.0269643
0.1169152946	919.023823
0.1170173303	919.0112415
0.1170582679	919.0064068
0.1171064763	919.0008698
0.1171546848	918.995502
0.1171956224	918.9910767
0.1172976581	918.9805776
0.1173222169	918.9781638
0.1173467757	918.9747781
0.1173558976	918.9735178
0.1174182624	918.9648627
0.1174637365	918.9585087
0.117489749	918.9548577
0.1175379575	918.94806
0.1175861659	918.9412216
0.1176029736	918.9388279
0.1176340029	918.9343956
0.117753698	918.9171402
0.1177782568	918.9135687
0.1177984926	918.9101924
0.117880294	918.8977602
0.11790698	918.8937813
0.1179429275	918.8883216
0.1179663923	918.8846959
0.1179924128	918.8806181
0.1180229635	918.8757537
0.1181366234	918.8704304
0.1181564441	918.8695519
0.1182273172	918.8665317
0.1183470123	918.8565161
0.1183475482	918.8564732
0.118347828	918.8564648
0.1183482513	918.8564522
0.1183927134	918.8554529
0.1184308369	918.8551063
0.1184604637	918.8551623
0.1185052861	918.8557879
0.1185391291	918.8540769
0.1185729721	918.8523672
0.1186130661	918.8503434
0.1186351745	918.8492282
0.1187548697	918.8432
0.118765063	918.8426874
0.1188509151	918.8383745
0.1188955704	918.8358688
0.1189274198	918.834265
0.1189535552	918.8330629
0.1190359155	918.8299471
0.1191200016	918.8278189
0.1191259464	918.8277087
0.1191385556	918.8274925
0.1191515284	918.8270692
0.1191742266	918.8263529
0.1193422748	918.8220173
0.1193445858	918.8219696
0.1193542962	918.8217725
0.1193663175	918.8215364
0.1194764946	918.8174616
0.1195000262	918.8169125
0.1195091199	918.8167306
0.1195203295	918.8165296
0.1195465937	918.8161591
0.1196334455	918.8159368
0.1196383438	918.8159702
0.1196603489	918.8161804
0.1196912505	918.8166425
0.1197593857	918.8183503
0.1197969116	918.8174951
0.1198442509	918.8166324
0.1198539161	918.8149657
0.119871152	918.8120319
0.1199128468	918.805139
0.1199398169	918.8008342
0.1199642781	918.7970342
0.12	918.801403
