0	922.0405434
5.38E-05	922.0742252
1.05E-04	922.1064285
1.71E-04	922.147592
1.82E-04	922.1545537
1.86E-04	922.1571266
1.95E-04	922.1632872
1.97E-04	922.1647636
2.48E-04	922.2005831
3.21E-04	922.2547017
3.29E-04	922.2601857
3.75E-04	922.2961969
4.49E-04	922.3574731
4.52E-04	922.3593399
4.62E-04	922.3670751
4.74E-04	922.3766971
5.82E-04	922.4600138
6.78E-04	922.5359101
6.99E-04	922.5531028
7.20E-04	922.5693803
7.53E-04	922.5964778
8.07E-04	922.6406453
8.27E-04	922.6579773
8.97E-04	922.7167361
9.13E-04	922.7301406
9.55E-04	922.7664024
0.001036270062	922.8382309
0.001072493558	922.8707041
0.001097483155	922.8933131
0.001112232451	922.9058185
0.00111612037	922.9091171
0.001197331175	922.9782249
0.00120224395	922.9824182
0.001313223719	923.0775304
0.001331860934	923.0935753
0.001424203487	923.1733809
0.001461477918	923.2057395
0.00153762857	923.2718134
0.001557541092	923.2893941
0.001563025933	923.2942587
0.001573174895	923.3040746
0.001636756701	923.365776
0.001676527679	923.4026851
0.001700118763	923.4244555
0.001774263783	923.4922817
0.001798226344	923.5140085
0.001879041743	923.6000588
0.001924132055	923.6487568
0.001975632042	923.6984062
0.002018536453	923.7404759
0.002048665077	923.7704025
0.002071878508	923.7961359
0.002098489289	923.8259957
0.002152198316	923.8874342
0.002204652673	923.9489503
0.002225666139	923.9714753
0.002246679605	923.9940459
0.00228415174	924.0344079
0.002358982219	924.1154436
0.002441406703	924.2053724
0.002471284833	924.2381441
0.002505139159	924.2753885
0.002574722783	924.3523117
0.00260815452	924.3923003
0.002616248526	924.4020152
0.002626358531	924.4141683
0.002662252722	924.4574807
0.002694390911	924.496479
0.002724892905	924.5336823
0.00276151164	924.5785914
0.002831151711	924.6588512
0.002875541616	924.7103139
0.002924644225	924.7675156
0.002977252204	924.8291218
0.003018136738	924.8772285
0.003123352696	925.0019528
0.003140384789	925.0222677
0.003192992768	925.0852353
0.003262632839	925.1690995
0.003303782403	925.2162225
0.003358251838	925.2798435
0.003362225488	925.2845403
0.003377780519	925.3059292
0.003500270084	925.4746147
0.003506656821	925.4834226
0.003514173328	925.4937902
0.003529158113	925.514464
0.00353691199	925.5244513
0.003538696164	925.5267505
0.003587808306	925.5868849
0.003702133725	925.7283939
0.003761916494	925.8032413
0.003862633419	925.9306576
0.003870393397	925.9405434
0.003873131212	925.9440336
0.003876293923	925.9480669
0.003884868488	925.9590102
0.004022331569	926.136086
0.0040441287	926.1644479
0.004071464263	926.2001258
0.004085812384	926.2189016
0.004220021401	926.4019075
0.004226357782	926.4106401
0.004248962341	926.441861
0.004340487685	926.5717352
0.004343135546	926.5755094
0.004349785552	926.5849925
0.004405609732	926.6648363
0.004407172043	926.6670769
0.004413929219	926.6767717
0.004505454563	926.8086978
0.004510052279	926.8151679
0.004522637754	926.832891
0.004601500012	926.9443499
0.00468036227	927.0565058
0.004701936358	927.0888284
0.004713676524	927.1064415
0.004799998762	927.2364599
0.004803189109	927.2412825
0.004815923136	927.260544
0.004830000114	927.2818598
0.004833780505	927.2875883
0.00488969252	927.3725155
0.004929909914	927.4338384
0.005003814622	927.5470395
0.005015633663	927.5652045
0.005019594067	927.5701996
0.00502717583	927.5798039
0.005052828089	927.612706
0.005070943511	927.6363194
0.005087140095	927.6624178
0.005099861599	927.6829429
0.005183310868	927.8063956
0.005306059158	927.9881807
0.005310240898	927.9943778
0.005320534269	928.009633
0.005367888773	928.0798355
0.005370380187	928.0834521
0.00537476286	928.0898152
0.005375741571	928.0914031
0.005376373792	928.092429
0.005538217856	928.348791
0.005590825835	928.4321349
0.005700061919	928.6052114
0.005701131493	928.6069061
0.005753958419	928.6906161
0.005805277877	928.7719434
0.005805776703	928.7727339
0.005806566398	928.7739854
0.005807074048	928.7747899
0.00580785492	928.7760274
0.005969698983	929.0325451
0.005987367327	929.0612172
0.006016474779	929.1085627
0.006089208418	929.2274689
0.006089954399	929.2286928
0.006161522292	929.3465373
0.006208298089	929.4240067
0.006365896642	929.6781769
0.00636808907	929.6817205
0.006371430673	929.6871219
0.006374917593	929.6927587
0.006376964705	929.6960683
0.006424038652	929.7722227
0.006427402862	929.777669
0.006482180663	929.8664174
0.006587171237	930.0368875
0.006639779216	930.1224881
0.00679737777	930.3796523
0.006800605221	930.3847408
0.006802673601	930.3880034
0.006803823908	930.3896331
0.006805681846	930.3922656
0.006848314113	930.4647627
0.006858487622	930.4820963
0.006860376678	930.4853163
0.006918984861	930.5854366
0.006929555929	930.6033946
0.007029477851	930.7737946
0.007034344413	930.7821239
0.007034818859	930.7829361
0.007085460249	930.86978
0.007090293844	930.8780365
0.007093051879	930.8827487
0.007181303436	931.0282435
0.007299504792	931.2258382
0.007410904651	931.4149175
0.007416017856	931.4236627
0.007424112158	931.4375184
0.00757527857	931.698969
0.007594142653	931.7319534
0.007786233551	932.0696095
0.00779243703	932.0805965
0.007795125657	932.0853599
0.007837215064	932.1630157
0.007851192037	932.1888813
0.007851811346	932.1900283
0.007897296932	932.2744777
0.00791600436	932.3093295
0.007933144813	932.3413232
0.007953982621	932.3802967
0.00805002807	932.5490225
0.008161966494	932.7448996
0.008169723185	932.7584422
0.008177479875	932.7719807
0.00821912842	932.8446064
0.008265768634	932.9258005
0.008294505276	932.9757555
0.008354057392	933.0791059
0.008378965253	933.1225226
0.008401509917	933.1619708
0.008501856836	933.3392938
0.008531663686	933.3925121
0.008550065524	933.4254925
0.0085711939	933.4634772
0.00858315625	933.4836721
0.008632697159	933.5671196
0.008637600409	933.5753623
0.008661708775	933.6158468
0.00867982175	933.6462164
0.008715050225	933.7129374
0.008736375908	933.7533421
0.008783153315	933.8420085
0.00879479091	933.8640759
0.008818228559	933.9085291
0.008843345081	933.9561816
0.008855993142	933.9799888
0.008876790869	934.0191821
0.008898513257	934.0603995
0.008926325631	934.1133624
0.009006756464	934.2595487
0.009035995567	934.312663
0.009089180948	934.4092374
0.009161690112	934.5408178
0.009192957791	934.5975291
0.009222497028	934.6510893
0.009252036264	934.7046338
0.009268275703	934.7340636
0.009304921511	934.8004571
0.009335698002	934.8561982
0.009357806759	934.8962301
0.009438237591	935.0417901
0.009528226393	935.2074061
0.00958689184	935.3143505
0.009591978928	935.323586
0.009647606176	935.4241789
0.009663812344	935.4533485
0.009763766051	935.6318924
0.009816218615	935.7264504
0.009849491591	935.7861838
0.0098598115	935.8046714
0.009874104628	935.8302461
0.009903404385	935.8825608
0.009979506615	936.0177411
0.009991988585	936.0398163
0.01007555206	936.1869038
0.01011505067	936.2560045
0.01014279461	936.3043784
0.01019524718	936.3954666
0.01024769974	936.4860746
0.01025553464	936.500548
0.01029129263	936.5665437
0.01030061327	936.5794203
0.01031719893	936.6025205
0.01040229745	936.7597944
0.01041848691	936.7896323
0.0104733841	936.8906136
0.01057903418	937.0754604
0.01058759786	937.0903712
0.01061917252	937.1452544
0.01064241053	937.1879059
0.0106505981	937.2029323
0.01066015788	937.2205478
0.01068058495	937.2583288
0.0108036949	937.4720033
0.01085630288	937.5629885
0.01096777191	937.7551338
0.01100685012	937.8222893
0.01101943546	937.8438944
0.01103202081	937.8654883
0.01106061588	937.9145106
0.01107204344	937.9340856
0.01108589986	937.9578089
0.01111206608	938.0025709
0.01123517603	938.2125296
0.01124744081	938.2323891
0.01127708683	938.2806703
0.01133198157	938.3711075
0.0113590454	938.4161894
0.01137267395	938.4390152
0.01138759494	938.4641007
0.01141452152	938.5096219
0.01144895924	938.568313
0.011538385	938.7189365
0.01154088391	938.723107
0.01154500469	938.7299798
0.01161060853	938.8386311
0.0116646998	938.9271317
0.01170360307	938.990177
0.01173297481	939.0374402
0.01176839017	939.092933
0.01182067709	939.1749164
0.01186292861	939.241212
0.01195397556	939.3842148
0.01204352192	939.5250521
0.01205042768	939.5377464
0.01212137387	939.6665437
0.01214075311	939.7012128
0.01217992791	939.7633501
0.01224987535	939.8739608
0.01227024665	939.9028242
0.01227487859	939.9093549
0.01228652833	939.9257279
0.01228820155	939.9280733
0.01233533261	939.9935024
0.01234009895	940.0000508
0.01234486529	940.0065865
0.01241559493	940.1184852
0.01252735224	940.2947731
0.01253558214	940.30773
0.012558137	940.3432218
0.01258374469	940.3831379
0.01259848624	940.4060161
0.01263521666	940.462701
0.01277527805	940.6746767
0.01278546108	940.6898302
0.01279710523	940.7066168
0.01283203768	940.7568771
0.01288026422	940.8260192
0.01288778262	940.8367726
0.01295643829	940.9346494
0.01299790516	940.9934858
0.01304634731	941.0619526
0.01305549525	941.0748498
0.01311577135	941.1595737
0.01320603911	941.2880339
0.01322692738	941.3174428
0.01325646572	941.3588268
0.01331853387	941.4450091
0.01338522523	941.5364377
0.01340802378	941.566151
0.0134299202	941.5946969
0.01346187739	941.6363736
0.01351428044	941.7047525
0.01351680704	941.7080505
0.01353702799	941.7344496
0.01356958246	941.7769651
0.0135760984	941.785477
0.01360230755	941.8197218
0.01360409663	941.8220598
0.0136759793	941.9206951
0.01368461872	941.9324487
0.01370692173	941.9621778
0.01374441792	942.0118275
0.01377383893	942.0504939
0.01385034557	942.149845
0.01385256946	942.152707
0.01389443226	942.2082488
0.01394482799	942.2745752
0.01397978898	942.3202433
0.01401904487	942.3711856
0.01411189165	942.4902572
0.01415955943	942.5509072
0.01426269726	942.6817532
0.01427640652	942.6992339
0.0142980387	942.7267483
0.0143772077	942.8267272
0.01439419541	942.8480334
0.01448319547	942.9588098
0.01456557616	943.0600776
0.01457385401	943.0701858
0.01459084173	943.0908912
0.01459974515	943.1010109
0.01460372197	943.1055246
0.01467110309	943.1813929
0.01467651556	943.1874372
0.01473994068	943.2577148
0.01475282092	943.2718623
0.01480204596	943.3255436
0.0148275384	943.3531029
0.01488261159	943.4113154
0.01491924259	943.4499641
0.01494658092	943.4787716
0.01496299355	943.4960512
0.01501649116	943.5521005
0.01506236968	943.5998176
0.0150830958	943.6212684
0.01508727481	943.6255855
0.0151509218	943.6910051
0.01518870152	943.7321216
0.01520056062	943.7449752
0.01522200477	943.7681534
0.01525074431	943.7990873
0.01528103525	943.8315302
0.01534030635	943.891889
0.01535952375	943.9113573
0.01536873307	943.9206692
0.01545555076	944.0078915
0.01552495836	944.076891
0.01553786203	944.0896471
0.01554346209	944.0951762
0.01563006627	944.1801434
0.01571111451	944.2587429
0.0157162003	944.2636455
0.01571819112	944.2655637
0.01572087565	944.2681916
0.01577831578	944.3239338
0.01583263553	944.3757921
0.01583959388	944.382375
0.01584179726	944.3843928
0.01586313494	944.4038979
0.01593209252	944.4664909
0.01595253835	944.4849197
0.01603546191	944.5590542
0.01607876869	944.5974411
0.01616726957	944.6753302
0.01617654122	944.6834468
0.01626103965	944.7570397
0.01627887846	944.772489
0.01636272038	944.8446927
0.01640412536	944.8801023
0.01640618731	944.8818614
0.01647620503	944.941354
0.01648661738	944.9501611
0.01663170949	945.0718067
0.01668236467	945.1119959
0.01670750757	945.1316599
0.01671523718	945.1376672
0.01674612855	945.1600238
0.01680932238	945.207967
0.0168348632	945.2281858
0.01687791693	945.2633655
0.01693698485	945.3138712
0.01695701717	945.3292421
0.01710479512	945.439208
0.01712029406	945.4503917
0.01717940871	945.4924383
0.01718276552	945.4947969
0.01722820906	945.5264212
0.01736271792	945.6166831
0.01736327486	945.6170464
0.01740851388	945.6462739
0.01741539167	945.648898
0.01742244301	945.6516325
0.01742298967	945.6518464
0.01746881636	945.6707317
0.0175405797	945.7041055
0.01761415377	945.7431361
0.01768519343	945.7869262
0.0177222163	945.809418
0.01775476668	945.8290059
0.01781730901	945.8693897
0.01785127966	945.8917771
0.01788004442	945.9109828
0.01797381051	945.9751746
0.01799494701	945.9868691
0.01802786717	946.0048714
0.0180635331	946.0240837
0.01811824859	946.0529683
0.01821613686	946.1028643
0.01823793219	946.1136631
0.01827019351	946.1294396
0.01830881286	946.1479993
0.01836352834	946.173686
0.01845954313	946.2092049
0.01846117044	946.2098239
0.01849348989	946.2222361
0.01850956894	946.2284947
0.01855184113	946.2452134
0.01858550902	946.2632979
0.01859044239	946.2659406
0.01861864852	946.2810148
0.01862193905	946.2824912
0.01862866384	946.2855008
0.01869502251	946.3146543
0.01870769073	946.3201074
0.01874120916	946.3343613
0.01879554985	946.3569333
0.01881831919	946.3661939
0.01884536323	946.3770416
0.01890738886	946.3889625
0.0189971966	946.4216119
0.01904210368	946.4373809
0.01906545524	946.4454341
0.01915269443	946.4746316
0.0192427852	946.5033129
0.019288326	946.5172427
0.01931073811	946.5239578
0.019398	946.5492221
0.01948837379	946.5739097
0.01952414972	946.5870239
0.0195772481	946.6018576
0.01959598891	946.6069337
0.01962693016	946.6151326
0.01967924106	946.6284786
0.01976032978	946.6478865
0.01979796109	946.6563646
0.01981649366	946.6641328
0.01981941419	946.6647387
0.0198380237	946.6685491
0.02000119887	946.6982111
0.02004711713	946.7053447
0.02006572103	946.7080832
0.02006864771	946.708506
0.02008725108	946.7111432
0.02025041613	946.7305245
0.02029635065	946.7347669
0.0203149484	946.7363328
0.02031788123	946.7365718
0.02033945279	946.7330198
0.02040679809	946.7456523
0.02043232843	946.7500891
0.02050404155	946.7575709
0.02052043291	946.7590665
0.0205440225	946.7610787
0.02068324349	946.7695869
0.02068520334	946.7696656
0.02074066741	946.7759647
0.0207463702	946.7759131
0.02089419637	946.7724211
0.02094022055	946.7704861
0.02094387532	946.7703152
0.02098988529	946.7679466
0.02099565163	946.7676214
0.0211434912	946.7571254
0.02118951538	946.7530102
0.0211930932	946.7526734
0.02123910317	946.7481258
0.02124493322	946.7475208
0.02139278602	946.7300198
0.02142550747	946.7266373
0.02152780546	946.7147771
0.02153434825	946.7139523
0.0215658052	946.7098753
0.02160274662	946.7048523
0.02164602878	946.6985618
0.02168366235	946.6907558
0.02177852886	946.6704932
0.02179120454	946.6677223
0.02181799064	946.6618177
0.02185992326	946.6524399
0.02198788113	946.6237885
0.0220117467	946.6179541
0.02207255352	946.6023917
0.02210908142	946.5925617
0.02223693101	946.5553109
0.02226110995	946.5477683
0.02232191676	946.5281002
0.02235823959	946.5158738
0.02248597857	946.4700391
0.02251047319	946.4607452
0.02256779203	946.4355183
0.02257792086	946.4310316
0.02260059834	946.4209547
0.02260639514	946.4183719
0.02267528861	946.3869726
0.02271002674	946.3705786
0.02277096683	946.3409095
0.02277864201	946.3370907
0.02285743108	946.3016966
0.02292736908	946.2693856
0.02293249985	946.2669821
0.02302794513	946.2214476
0.02310671357	946.1826909
0.02317653707	946.1474447
0.02318149382	946.1449107
0.02327724825	946.095132
0.02335599605	946.0530145
0.02343754356	946.0126466
0.02344628924	946.0081186
0.02345727711	946.0023752
0.02353491413	945.9582386
0.02361034018	945.9138147
0.0236145547	945.9111194
0.02365526006	945.8844027
0.02366731153	945.8762548
0.02374343792	945.8222726
0.02374481697	945.8212547
0.02375471555	945.8139064
0.02375584295	945.8130648
0.02376319361	945.8075543
0.02377319742	945.8013257
0.02386932542	945.7412033
0.02396490165	945.6809395
0.02397484803	945.6746401
0.02399301192	945.6631228
0.02399489984	945.6617827
0.02401311029	945.6488253
0.02403146372	945.6357095
0.02422412979	945.4945939
0.02424235168	945.4809232
0.02424408313	945.4796212
0.02425598408	945.4710784
0.02428343421	945.4511221
0.0243715358	945.3846988
0.02439168706	945.3689974
0.02441883107	945.3475481
0.02448587167	945.2931002
0.02449987971	945.2814587
0.02451549478	945.2683739
0.02458167806	945.2116526
0.02464581908	945.1580676
0.02467207594	945.1358927
0.02473074935	945.085483
0.02476164139	945.0584367
0.02480501794	945.0198721
0.0248536894	944.975782
0.02489944052	944.9335488
0.02490217211	944.9310031
0.02491026471	944.9234451
0.0249132689	944.9206333
0.02497136366	944.8656109
0.02498848543	944.8494843
0.02501011915	944.8290283
0.02505917443	944.7823141
0.02508070304	944.7616685
0.02509781945	944.7451913
0.02522078217	944.6251845
0.02523763586	944.6085121
0.02525922388	944.5870774
0.02530859294	944.5377263
0.02533007577	944.5161067
0.02534692418	944.4990896
0.02540110298	944.4382883
0.02546152389	944.3712473
0.02547538247	944.3559842
0.02549218084	944.3375401
0.02551071996	944.3172573
0.02552845822	944.2979217
0.02554664997	944.2790293
0.02556271009	944.2622804
0.02566263593	944.15659
0.02568686001	944.1305848
0.02571317579	944.1021643
0.02573528268	944.0789154
0.0257587507	944.0543633
0.02585153293	943.9585881
0.02585830394	943.9516795
0.02586176171	943.9481557
0.02586393389	943.9459435
0.02587025175	943.9391309
0.02596018955	943.8406026
0.02601266657	943.7817773
0.02610246229	943.6788351
0.02610887865	943.671369
0.02611323194	943.6662951
0.02611963654	943.6588181
0.02620941456	943.5524632
0.02626196462	943.4888732
0.02635160102	943.3781274
0.02635810366	943.3699817
0.02636024689	943.3670993
0.02636316225	943.3631806
0.02636708506	943.3579115
0.02645171123	943.2453179
0.02648095746	943.2068836
0.0265126653	943.1654915
0.02659978417	943.0615603
0.0266326735	943.0218482
0.02663799668	943.0153962
0.02664177992	943.0103292
0.02666397595	942.9805291
0.02675506932	942.8569274
0.02676408562	942.8456964
0.02677061321	942.8375688
0.02678021227	942.8256221
0.02683074696	942.762831
0.0269127943	942.6612515
0.0270048365	942.5478387
0.02701293268	942.5370633
0.02702637017	942.5191411
0.02707828405	942.4494559
0.02709981637	942.420345
0.02725410584	942.208191
0.02726220067	942.1968877
0.02727563951	942.1780844
0.02732753775	942.1050246
0.02734907007	942.0745049
0.02740869424	941.9812974
0.0274574215	941.9064442
0.02747180449	941.8845764
0.02750124065	941.8401442
0.02751087282	941.8269585
0.02751520041	941.8210284
0.02762389841	941.6708775
0.0277349135	941.5151379
0.02775680869	941.4841369
0.02779575467	941.4303695
0.02791235525	941.2583412
0.02795554693	941.1941093
0.02801632855	941.1032531
0.02804501779	941.0601795
0.02816162191	940.8838635
0.02820480686	940.8180556
0.02826558848	940.7249672
0.02829428091	940.6808351
0.02841088857	940.5002312
0.02845406679	940.4328478
0.02847579578	940.398319
0.02850389495	940.3530497
0.02859968818	940.1973637
0.02862231745	940.1602794
0.02862938543	940.1486725
0.02870454261	940.0245445
0.02872140314	939.9982751
0.02874558579	939.960719
0.0287724064	939.9192333
0.02880465863	939.8695793
0.02886365889	939.7794038
0.02888246516	939.7508394
0.02890603953	939.7151551
0.02903980565	939.4963485
0.02907666421	939.435579
0.02908104118	939.4283488
0.02915530137	939.305237
0.02928906748	939.0813563
0.02932592559	939.0191894
0.02933030239	939.0117935
0.02936957017	938.9406425
0.02940979885	938.868649
0.02942296843	938.8452782
0.02945853053	938.7826567
0.02950137531	938.708155
0.02954033855	938.6412986
0.02955257813	938.6210226
0.0295711064	938.5902836
0.02964281945	938.4707958
0.02966795063	938.4271044
0.02973686708	938.3070939
0.02977960369	938.2325277
0.02989208097	938.035748
0.02991721217	937.9916757
0.02998612846	937.8706207
0.0300288652	937.7954064
0.03014134249	937.5969216
0.0301664737	937.5524683
0.03023538983	937.4303689
0.0302781267	937.3545065
0.03032734997	937.2700417
0.03045003225	937.058449
0.03046602797	937.0289685
0.03048637129	936.9914565
0.03050209418	936.9624499
0.03051360618	936.9412039
0.03058062638	936.8173812
0.03063132035	936.7294161
0.03064165052	936.7114487
0.03066305239	936.6741788
0.03068006957	936.6445008
0.03072488393	936.5661587
0.03075421257	936.514675
0.03076887689	936.4890257
0.03088437247	936.2891692
0.03093839415	936.1938348
0.03099491509	936.0935918
0.03101813843	936.0522563
0.03105388971	935.988454
0.03107711307	935.9469002
0.03113363401	935.8454072
0.03118765566	935.7479261
0.03124417662	935.6454369
0.03126739996	935.6031785
0.03130315123	935.5379557
0.03132637459	935.4954789
0.03138289554	935.3917398
0.03143691717	935.2921119
0.03150283612	935.1665105
0.03154478951	935.0872105
0.03156302085	935.0529044
0.03160077642	934.9821571
0.03160389304	934.976335
0.03163700038	934.9147734
0.03165612166	934.8791965
0.03165869039	934.874416
0.03175722815	934.6908149
0.03183708661	934.5426795
0.03192554423	934.3789706
0.03192739153	934.3755561
0.03200648968	934.2295124
0.03208634814	934.0823871
0.03217480576	933.9197971
0.03217665305	933.9164059
0.0322557512	933.7713627
0.03233560966	933.6252475
0.03241554172	933.4850758
0.03241809664	933.4806066
0.0324344943	933.4519388
0.03250780102	933.3204816
0.03258383383	933.184499
0.03258815616	933.1763942
0.03262774622	933.1017189
0.03264483282	933.0692447
0.03271695182	932.9305491
0.03271716684	932.9301317
0.03272710904	932.9108037
0.03272817605	932.9087264
0.03273551552	932.8944222
0.03274777848	932.8723663
0.03284276615	932.7019004
0.03293735799	932.5328081
0.03294956984	932.5110264
0.03296704428	932.4798774
0.03296739691	932.479249
0.03296774806	932.4786233
0.03298526193	932.4465136
0.03300822891	932.4044368
0.03319879341	932.056647
0.03321630728	932.0248029
0.03321666887	932.0241676
0.03321699201	932.0235999
0.03322823181	932.0038357
0.0332511994	931.963355
0.03334500523	931.7967061
0.0333655063	931.7600041
0.03339140145	931.7135012
0.03346001306	931.5895091
0.03347334158	931.5652913
0.03348825667	931.5381401
0.03355457108	931.416776
0.03361923674	931.3017115
0.03364606444	931.2541275
0.03370397554	931.1520269
0.03372906501	931.1074392
0.03376000041	931.052168
0.03383605497	930.9149026
0.03384940801	930.8906
0.03386019949	930.8709152
0.03389954056	930.7988179
0.03391399479	930.7721968
0.0339414637	930.7214103
0.03403625753	930.5511231
0.03405243233	930.5222295
0.03410675986	930.4255293
0.03419072522	930.2771278
0.03428551906	930.1111237
0.0343106513	930.0672466
0.03432824066	930.0366269
0.03437756261	929.9511564
0.03439136637	929.9273387
0.03441918513	929.8794753
0.0345255295	929.6981898
0.03452609151	929.6972388
0.03452644111	929.6966473
0.03466010718	929.4726027
0.03468446332	929.4307466
0.0347590271	929.3017898
0.03476445976	929.2924605
0.03478618426	929.2552441
0.03480703086	929.2196671
0.03485015173	929.1464984
0.0348609637	929.1282414
0.03489892107	929.0644299
0.03496190582	928.9595155
0.03499468097	928.9054012
0.03500022989	928.896272
0.03500275362	928.892123
0.03501165788	928.8775001
0.03501584014	928.8706402
0.03502794875	928.8508093
0.0352411911	928.4888432
0.03525626626	928.4611094
0.03525688898	928.4599679
0.03525756488	928.4587293
0.03525828416	928.4574116
0.03525877385	928.4565147
0.03527295119	928.4306369
0.03537087546	928.2565114
0.03547508435	928.080066
0.03547667661	928.0774409
0.03548195751	928.0690017
0.03549221419	928.0526087
0.03549270983	928.0518165
0.03549993166	928.0402722
0.0355304711	927.9914388
0.0356960677	927.7262082
0.03570952883	927.7046156
0.03571210093	927.7004892
0.03572666244	927.6771249
0.03573892541	927.6580884
0.03583391307	927.5133031
0.03592850491	927.3738204
0.03594071677	927.3561549
0.03595819121	927.3310125
0.03595854383	927.3305068
0.03595889499	927.3300033
0.03597640885	927.3026103
0.03599937584	927.2667577
0.03618994034	926.9723166
0.0362074542	926.9455281
0.0362078158	926.9449946
0.03620813893	926.9445179
0.03621937873	926.927926
0.03624234632	926.8939688
0.03633615215	926.7545384
0.03635665323	926.7239077
0.03638254837	926.6851367
0.03645115999	926.5819709
0.0364644885	926.5618561
0.0364794036	926.5393184
0.03654571801	926.4387489
0.03661038367	926.3426212
0.03663721137	926.3029209
0.03669512246	926.2165125
0.03672021193	926.1790416
0.03675114734	926.1328106
0.0368272019	926.0190146
0.03684055493	925.9990151
0.03685134641	925.9828477
0.03689068749	925.9238752
0.03690514172	925.9021951
0.03693261062	925.8609746
0.03702740446	925.7214048
0.03704357925	925.6977565
0.03709790678	925.6186833
0.03718187215	925.4975513
0.03727666598	925.3623721
0.03730179823	925.3261827
0.03731938758	925.3009782
0.03736870954	925.2308451
0.0373825133	925.2113601
0.03741033205	925.1722821
0.03751667642	925.0252407
0.03751723844	925.0244735
0.03751758804	925.0239963
0.03765125411	924.8444884
0.03767561024	924.8106142
0.03775017402	924.7060958
0.03775560668	924.6985472
0.03777733118	924.6684516
0.03779817779	924.6397082
0.03784129865	924.580675
0.03785211063	924.5659626
0.03789006799	924.5145952
0.03795305275	924.430332
0.0379858279	924.3869648
0.03799137681	924.3796551
0.03799390054	924.3763337
0.03800280481	924.3646307
0.03800698707	924.3591422
0.03801909567	924.3432821
0.03823233803	924.0508873
0.03824741318	924.0279622
0.03824803591	924.0270192
0.03824871181	924.0259961
0.03824943108	924.0249077
0.03824992077	924.0241669
0.03826409811	924.0028064
0.03836202238	923.8597687
0.03846623128	923.716189
0.03846782353	923.7140642
0.03847310444	923.7072951
0.03848336111	923.6941422
0.03848385676	923.6935064
0.03849107859	923.6842403
0.03852161802	923.6450138
0.03868721462	923.4311165
0.03870067576	923.4136403
0.03870324785	923.4102995
0.03871780937	923.3913769
0.03873007233	923.3760386
0.03882506	923.2595896
0.03891965184	923.1477805
0.0389318637	923.133648
0.03894933813	923.1135456
0.03894969076	923.1131413
0.03895004192	923.1127389
0.03896755578	923.0904712
0.03899052277	923.0613115
0.03918108727	922.8211677
0.03919860113	922.7992588
0.03919896273	922.7988254
0.03919928586	922.7984381
0.03921052566	922.7849514
0.03923349324	922.7573085
0.03932729908	922.6432374
0.03934780015	922.6180571
0.0393736953	922.5861233
0.03944230691	922.5008191
0.03945563543	922.4841312
0.03947055053	922.4654119
0.03953686493	922.381608
0.03960153059	922.3015854
0.0396283583	922.2684696
0.03968626939	922.1963456
0.03971135886	922.1648689
0.03974229427	922.1258668
0.03981834882	922.0290828
0.03983170186	922.0119585
0.03984249334	921.9980906
0.03988183442	921.9473164
0.03989628865	921.9285758
0.03992375755	921.892834
0.04001855138	921.7728463
0.04003472618	921.7524788
0.04008905371	921.6842951
0.04017301907	921.579601
0.04026781291	921.4624069
0.04029294515	921.4313278
0.04031053451	921.4096319
0.04035985646	921.3490392
0.04037366022	921.3321456
0.04040147898	921.2981854
0.04050782335	921.1694191
0.04050838536	921.168743
0.04050873497	921.1683225
0.04064240103	921.0088649
0.04066675717	920.9785414
0.04074132095	920.8848782
0.04074675361	920.8780996
0.04076847811	920.8510548
0.04078932471	920.8251961
0.04083244558	920.7719972
0.04084325755	920.7587196
0.04088121492	920.7123003
0.04094419967	920.6359417
0.04097697482	920.5965367
0.04098252374	920.5898877
0.04098504747	920.5868657
0.04099395173	920.5762143
0.04099813399	920.5712172
0.0410102426	920.5567701
0.04122348495	920.2872041
0.04123856011	920.2657648
0.04123918283	920.2648827
0.04123985873	920.2639255
0.04124057801	920.2629073
0.0412410677	920.2622143
0.04125524504	920.2422239
0.04135316931	920.1080373
0.04145737821	919.9727002
0.04145897046	919.970692
0.04146425136	919.9643132
0.04147450804	919.951911
0.04147500369	919.9513112
0.04148222551	919.9425676
0.04151276495	919.9054973
0.04167836155	919.7017964
0.04169182268	919.6850381
0.04169439478	919.6818326
0.04170895629	919.6636643
0.04172121926	919.6489587
0.04181620692	919.5369977
0.04191079876	919.4289305
0.04192301062	919.4152282
0.04194048506	919.3957202
0.04194083769	919.3953277
0.04194118884	919.394937
0.0419587027	919.3731796
0.04198166969	919.3446472
0.04217223419	919.1078714
0.04218974805	919.0861076
0.04219010965	919.0856771
0.04219043278	919.0852924
0.04220167258	919.0718919
0.04222464017	919.0443917
0.042318446	918.9304346
0.04233894708	918.905179
0.04236484222	918.8730987
0.04243345384	918.7871289
0.04244678235	918.770265
0.04246169745	918.7513307
0.04252801186	918.6663406
0.04259267752	918.5846088
0.04261950522	918.5506719
0.04267741632	918.4764038
0.04270250578	918.4440248
0.04273344119	918.4039323
0.04280949575	918.3045714
0.04282284879	918.2870101
0.04283364027	918.2727921
0.04287298134	918.2207673
0.04288743557	918.2015772
0.04291490447	918.1649958
0.04300969831	918.0404579
0.04302587311	918.0192226
0.04308020064	917.9479298
0.043164166	917.8378398
0.04325895984	917.7136922
0.04328409208	917.6801543
0.04330168144	917.6567401
0.04335100339	917.5913401
0.04336480715	917.5731039
0.0433926259	917.536442
0.04349897027	917.3973957
0.04349953229	917.3966655
0.04349988189	917.3962113
0.04363354796	917.2239409
0.04365790409	917.191035
0.04373246787	917.0889119
0.04373790053	917.0815016
0.04375962503	917.0519096
0.04378047164	917.0235752
0.04382359251	916.9651579
0.04383440448	916.9505511
0.04387236185	916.8994003
0.0439353466	916.8149655
0.04396812175	916.7712469
0.04397367066	916.76386
0.0439761944	916.7605018
0.04398509866	916.7486603
0.04398928092	916.7431022
0.04400138952	916.7270241
0.04421463188	916.426606
0.04422970704	916.4028225
0.04423032976	916.4018432
0.04423100566	916.4007807
0.04423172493	916.3996502
0.04423221462	916.3988808
0.04424639197	916.3766732
0.04434431624	916.2268859
0.04444852513	916.0743989
0.04445011739	916.0721242
0.04445539829	916.0648504
0.04446565497	916.0507046
0.04446615061	916.0500204
0.04447337244	916.0400449
0.04450391188	915.9977279
0.04466950848	915.7645304
0.04468296961	915.7452966
0.0446855417	915.7416168
0.04470010322	915.7207551
0.04471236618	915.7037684
0.04480735385	915.5737533
0.04490194569	915.4470313
0.04491415755	915.4308715
0.04493163199	915.4078274
0.04493198461	915.4073633
0.04493233577	915.4069013
0.04494984963	915.3816043
0.04497281662	915.3483998
0.04516338112	915.0715334
0.04518089498	915.0459663
0.04518125658	915.0454573
0.04518157971	915.0450025
0.04519281951	915.0291573
0.0452157871	914.9966422
0.04530959293	914.8619341
0.045330094	914.8320858
0.04535598915	914.7941748
0.04542460076	914.6925967
0.04543792928	914.6726739
0.04545284438	914.6503062
0.04551915879	914.5499184
0.04558382445	914.4527718
0.04561065215	914.412365
0.04566856324	914.3229801
0.04569365271	914.2841315
0.04572458812	914.2361284
0.04580064267	914.1176307
0.04581399571	914.0967551
0.04582478719	914.0798687
0.04586412827	914.0181913
0.0458785825	913.9954844
0.0459060514	913.952264
0.04600084524	913.8025153
0.04601702003	913.77687
0.04607134756	913.6905336
0.04615531292	913.5564922
0.04625010676	913.4042816
0.04626362701	913.3803089
0.04627282407	913.3640883
0.04632177401	913.2789363
0.04638626517	913.169782
0.04639431099	913.156406
0.04639592217	913.1537339
0.04643742208	913.0856489
0.04646220483	913.0456712
0.04647198073	913.0300414
0.04647661199	913.0216582
0.0465039662	912.9722036
0.04656634195	912.859821
0.04657925122	912.8402266
0.04661646936	912.7837339
0.04665244675	912.729123
0.04669557603	912.6636539
0.04673481772	912.6040843
0.04679611791	912.5110256
0.04680196787	912.5021447
0.04684282823	912.4373198
0.04685784659	912.4126509
0.04692944073	912.2946394
0.04695379686	912.2543368
0.04706773362	912.0647555
0.04709208975	912.0240049
0.04710710811	911.9988381
0.04717870225	911.8784531
0.04720305838	911.8373431
0.04731699515	911.6439845
0.04734135128	911.6024265
0.04735636964	911.5767618
0.04742796378	911.4540034
0.04745231991	911.4115626
0.0475811048	911.1925034
0.04758742873	911.1817028
0.047610146	911.1428703
0.04761576381	911.1332592
0.04762872222	911.1110771
0.04773052669	910.9362109
0.04774335001	910.9141093
0.04778506387	910.8420972
0.04785930373	910.7134929
0.04787742157	910.682022
0.04794667283	910.5614216
0.04796563829	910.5276851
0.04800227655	910.4623978
0.04803221305	910.4089414
0.0481592961	910.1809007
0.04819593436	910.1148213
0.04821489982	910.0805571
0.04827111866	909.9786216
0.04827951854	909.9634001
0.04835250456	909.8312391
0.04835933501	909.8188798
0.04840440782	909.7373616
0.04845882003	909.639042
0.0485014414	909.5620963
0.04856827302	909.4415642
0.04862348717	909.3420961
0.04864832803	909.2973783
0.04865175928	909.2912429
0.04866251997	909.2713928
0.04870393175	909.1949809
0.04889758956	908.8372222
0.0489010208	908.8308771
0.04891178149	908.8109767
0.04895319327	908.7343714
0.04914685108	908.375708
0.04915028232	908.3693468
0.04916104302	908.3493962
0.0492024548	908.2725974
0.0492992837	908.0948887
0.04930466405	908.0849861
0.04932536994	908.0468493
0.04932708556	908.0436875
0.04942391447	907.8647467
0.04942734571	907.8584162
0.04959137797	907.5558679
0.04962978624	907.4848776
0.04965016467	907.4471891
0.04967453464	907.4020978
0.04969879828	907.3571806
0.04980250775	907.164939
0.04984202779	907.0903496
0.04993725908	906.910171
0.04995653798	906.8736193
0.05005176927	906.6926918
0.05009128932	906.6174257
0.05018652061	906.4356168
0.05020579951	906.398735
0.0503010308	906.216177
0.05034055084	906.1402344
0.05043488692	905.9561758
0.05043703404	905.9520233
0.05043889554	905.9484245
0.05044022952	905.9458818
0.05050800631	905.8164785
0.05054831205	905.7393292
0.0506453428	905.553005
0.05066694307	905.511412
0.05067789127	905.4909426
0.05068238653	905.4825477
0.05068707999	905.4737888
0.05070221697	905.4455822
0.0507145309	905.4226835
0.05081515406	905.2371616
0.05084503203	905.1826216
0.05090310672	905.0773271
0.05093781976	905.0148411
0.05095678522	904.9790452
0.05099342347	904.909881
0.05102335998	904.8533563
0.05115044303	904.6132856
0.05118708129	904.5440372
0.05120604674	904.5081851
0.05126226558	904.3990299
0.05127066546	904.3827972
0.05134365149	904.2425919
0.05135048193	904.2295477
0.05139555475	904.143802
0.05144996696	904.0410539
0.05149258833	903.9611549
0.05155941995	903.8369042
0.0516146341	903.7352041
0.05163947496	903.6897301
0.0516429062	903.6833689
0.05165366689	903.663062
0.05169507867	903.5850033
0.05188873648	903.2218894
0.05189216773	903.2154842
0.05190292842	903.1954035
0.0519443402	903.1182152
0.05213799801	902.7591716
0.05214142925	902.7528385
0.05215218994	902.732984
0.05219360172	902.6566661
0.05220046421	902.6439482
0.05222017806	902.6073851
0.05230918992	902.4426728
0.05235012379	902.3671339
0.05238191851	902.3085504
0.0524139928	902.2495317
0.05245427459	902.1755243
0.05261736634	901.8892431
0.05262075323	901.8833305
0.05264444025	901.8422517
0.05264613416	901.8393295
0.05265470784	901.8245702
0.05267233568	901.7943901
0.05267420141	901.7912088
0.0527147978	901.722606
0.05276756257	901.6352053
0.05281527723	901.5578874
0.05285198815	901.4995107
0.05287286825	901.4667385
0.05290596409	901.4092827
0.05293748921	901.3546557
0.0530996219	901.075283
0.05312212978	901.0367075
0.05315522561	900.9800779
0.05317623674	900.9420045
0.05318257736	900.9305711
0.0532674178	900.780091
0.05332613525	900.6786738
0.05338159144	900.5849394
0.05338799929	900.574237
0.05339678705	900.5596028
0.05340496342	900.5460316
0.05340892254	900.5394758
0.0534128741	900.5334123
0.05343545978	900.4986362
0.05348553291	900.4208105
0.05349026865	900.4133982
0.05352186231	900.3637195
0.05352618464	900.3565608
0.05356577469	900.2906649
0.0535828613	900.262043
0.0536549803	900.1400272
0.05365519532	900.1396605
0.05366513752	900.1226855
0.05366620453	900.1208616
0.053673544	900.1083036
0.05368580696	900.0888228
0.05378079463	899.9401617
0.05387538646	899.7960553
0.05388759833	899.7777373
0.05390507276	899.7516392
0.05390542539	899.7511139
0.05390577655	899.7505909
0.05392329041	899.7229732
0.0539462574	899.6868615
0.0541368219	899.3918255
0.05415433576	899.3651217
0.05415469735	899.3645852
0.05415502049	899.3641057
0.05416626029	899.3474271
0.05418922787	899.313338
0.05428303371	899.1740009
0.05430353478	899.1435259
0.05432942993	899.1050208
0.05439804154	899.002934
0.05441137006	898.9830918
0.05442628515	898.9608835
0.05449259956	898.8620896
0.05455726522	898.7679406
0.05458409292	898.7292157
0.05464200402	898.6451702
0.05466709349	898.6088724
0.05469802889	898.5642119
0.05477408345	898.4548603
0.05478743649	898.4357267
0.05479822797	898.4202778
0.05483756904	898.3640659
0.05485202327	898.3434558
0.05487949218	898.3043513
0.05497428601	898.1722663
0.05499046081	898.1500082
0.05504478834	898.0758449
0.0551287537	897.963032
0.05522354754	897.8383107
0.05524867978	897.8051399
0.05526626914	897.7820932
0.05531559109	897.718209
0.05532939485	897.7005252
0.05535721361	897.6651469
0.05546355798	897.5331056
0.05546411999	897.5324212
0.05546446959	897.5319956
0.05559813566	897.3732842
0.0556224918	897.3436928
0.05569705558	897.252486
0.05570248824	897.2459388
0.05572421274	897.2198901
0.05574505934	897.1950942
0.05578818021	897.1444261
0.05579899218	897.1318532
0.05583694955	897.0881312
0.0558999343	897.0170144
0.05593270945	896.9807152
0.05593825837	896.9746176
0.0559407821	896.971849
0.05594968636	896.9621034
0.05595386862	896.9575383
0.05596597723	896.9443658
0.05617921958	896.7036726
0.05619429474	896.6847187
0.05619491746	896.6839404
0.05619559336	896.6830961
0.05619631264	896.6821981
0.05619680233	896.681587
0.05621097967	896.6639942
0.05630890394	896.5477304
0.05641311283	896.4340811
0.05641470509	896.4324252
0.05641998599	896.4272342
0.05643024267	896.4171617
0.05643073831	896.4166752
0.05643796014	896.409591
0.05646849958	896.3797017
0.05663409618	896.2195598
0.05664755731	896.2066852
0.05665012941	896.2042276
0.05666469092	896.1903293
0.05667695389	896.1792846
0.05677194155	896.0970748
0.05686653339	896.0210896
0.05687874525	896.0117077
0.05689621969	895.9984529
0.05689657231	895.9981875
0.05689692347	895.9979233
0.05691443733	895.9825046
0.05693740432	895.9624261
0.05712796882	895.8019963
0.05714548268	895.7878043
0.05714584428	895.7875348
0.05714616741	895.787294
0.05715740721	895.7789134
0.0571803748	895.7617665
0.05727418063	895.6914283
0.05729468171	895.6759908
0.05732057685	895.6564579
0.05738918847	895.6045229
0.05740251698	895.5944035
0.05741743208	895.5830678
0.05748374649	895.5325178
0.05754841215	895.4850058
0.05757523985	895.4657146
0.05763315094	895.4266922
0.05765824041	895.4098093
0.05768917582	895.3890117
0.05776523038	895.3379712
0.05777858341	895.3290232
0.05778937489	895.3217946
0.05782871597	895.295464
0.0578431702	895.2857986
0.0578706391	895.2674431
0.05796543294	895.208626
0.05798160773	895.1988853
0.05803593526	895.1667987
0.05811990063	895.1191184
0.05821469446	895.0680774
0.05822821472	895.0593447
0.05823741177	895.0535103
0.05828636172	895.0239
0.05835085287	894.9885967
0.05835889869	894.9844882
0.05836050987	894.9836733
0.05840200978	894.9635915
0.05842679253	894.9524317
0.05843656844	894.9482008
0.05844168224	894.9456671
0.0585316577	894.9008176
0.05853471032	894.899287
0.05854312138	894.8964297
0.05857986079	894.8841259
0.05861607503	894.8722803
0.05866074577	894.8580544
0.05870048286	894.845758
0.05876015193	894.8279272
0.05876655557	894.8260588
0.05880741593	894.8134827
0.05882243429	894.8087562
0.05889402843	894.7869136
0.05891838456	894.7797425
0.05903232132	894.7479474
0.05905667745	894.7415248
0.05907169582	894.7376303
0.05914328995	894.7197538
0.05916764609	894.7139319
0.05928158285	894.6884483
0.05930593898	894.683375
0.05932095734	894.6803124
0.05939255148	894.6664019
0.05941690761	894.6611908
0.05953145361	894.6382647
0.05953815377	894.6370751
0.05958503488	894.6292193
0.05964418425	894.6204766
0.05982163237	894.6020723
0.05983298079	894.6012946
0.05984226807	894.6006938
0.05987146089	894.5990147
0.05988708725	894.5982465
0.0598880704	894.5982012
0.05990558426	894.5970577
0.05992855125	894.5957338
0.06011911575	894.5924398
0.06013662961	894.5928257
0.06013669713	894.5928209
0.06013698077	894.5928008
0.06013733339	894.5927758
0.06015480783	894.5916324
0.0602496771	894.5887027
0.06026161153	894.5887262
0.0602741676	894.5888454
0.06036886216	894.5928678
0.06037583208	894.594515
0.06038628695	894.5969564
0.06038714547	894.5971553
0.06040463736	894.6011562
0.06047120514	894.6154789
0.06047322351	894.6158908
0.06051825285	894.6247388
0.06060736263	894.6234219
0.06062266249	894.6229021
0.06062343315	894.6228736
0.06062429787	894.6230039
0.06064938734	894.6270078
0.06068032275	894.6325456
0.06068610482	894.6336542
0.06072775885	894.6423258
0.06078052182	894.6550371
0.0608198629	894.6657709
0.06084726161	894.6738803
0.06086178603	894.6783903
0.06095657986	894.7006901
0.06097275466	894.7047207
0.06102708219	894.7187401
0.06111104755	894.7418672
0.06120584139	894.7701067
0.06121936164	894.7723504
0.0612285587	894.7739882
0.06127750864	894.7842265
0.0613419998	894.8016249
0.06135004562	894.8041074
0.0613516568	894.8046128
0.06139315671	894.8185877
0.06141793946	894.8278109
0.06142771536	894.8316297
0.06143282917	894.8332658
0.06152280462	894.8628969
0.06152585724	894.8639302
0.0615342683	894.8680193
0.06157100772	894.8860635
0.06160722196	894.9041417
0.0616518927	894.9268407
0.06169162978	894.9474033
0.06175129886	894.9789355
0.0617577025	894.9823663
0.06179856286	895.0037695
0.06181358122	895.0115534
0.06188517536	895.0493607
0.06190953149	895.0624865
0.06202346825	895.1256675
0.06204782438	895.139554
0.06206284274	895.1481834
0.06213443688	895.1900208
0.06215879301	895.2045177
0.06227272977	895.2741126
0.06229708591	895.2893701
0.06231210427	895.2988449
0.0623836984	895.3447125
0.06240805454	895.3595811
0.06252260054	895.431794
0.06252930069	895.436167
0.0625761818	895.4672254
0.06263533118	895.5075618
0.0628127793	895.6362716
0.06282412772	895.644896
0.06283341499	895.6519892
0.06286260782	895.6744913
0.06287823418	895.6866647
0.06287921732	895.6874335
0.06289673118	895.7006711
0.06291969817	895.7182025
0.06311026267	895.8712089
0.06312777653	895.8859464
0.0631281639	895.8862349
0.06312838804	895.8864018
0.06314402057	895.8981088
0.06315595759	895.9071331
0.06326564705	895.9934991
0.0633454211	896.0602094
0.0633662962	896.078208
0.06336810189	896.0797755
0.0634031302	896.1105148
0.0634062914	896.1133201
0.06346285309	896.1643847
0.06349504802	896.1938997
0.06357075792	896.2636592
0.06358830654	896.2798991
0.0636323472	896.3216936
0.06366124918	896.3501785
0.06368222646	896.3713776
0.06372757281	896.4187112
0.06372781626	896.4189709
0.06372985979	896.421153
0.06376705974	896.461608
0.06377959432	896.4755518
0.06381734381	896.5184973
0.06383680751	896.5411983
0.06385293295	896.5602935
0.06394772679	896.658763
0.06396390159	896.6758367
0.06401822912	896.7337636
0.06410219448	896.82505
0.06419698832	896.9306747
0.06420825719	896.9410818
0.06423049393	896.9620811
0.06425440499	896.9853476
0.0643018273	897.0335949
0.064307187	897.0392238
0.06431112372	897.0433809
0.06434705717	897.0822172
0.06435506073	897.091086
0.06438191604	897.1214265
0.06442174421	897.1728946
0.06442898077	897.1822697
0.06446630494	897.2307393
0.06451480463	897.2940102
0.06454922138	897.3391069
0.06458988439	897.3926
0.06461270638	897.4227234
0.06463002285	897.4457535
0.06467352041	897.4983791
0.06475297344	897.595747
0.0647637888	897.609125
0.06487928437	897.7538408
0.06492278193	897.809222
0.06500223497	897.9116231
0.06501305032	897.9256863
0.0651285459	898.0777186
0.06517204346	898.1358553
0.06525149649	898.2432897
0.06528007488	898.2819128
0.06531157706	898.3243097
0.06531991751	898.3355474
0.06539215304	898.4330989
0.06542612529	898.4791159
0.06542677384	898.4799952
0.06547247503	898.5471431
0.06547326357	898.5482458
0.06553660768	898.6372707
0.06562605541	898.7644745
0.06566173189	898.8156976
0.06569425037	898.8626287
0.06577308778	898.9773666
0.06579118738	899.0038999
0.06591585436	899.1921201
0.06593086215	899.2150124
0.06600664792	899.3313802
0.06602544111	899.3604351
0.06604044891	899.3836942
0.06616511588	899.5788449
0.06618012368	899.6025715
0.06625590945	899.7231525
0.06627470264	899.7532521
0.06628971043	899.7773455
0.06641437741	899.9794267
0.06653146781	900.1730058
0.06654822622	900.2008292
0.0665969202	900.2800942
0.06660263655	900.2895198
0.06665224037	900.3723731
0.06665682014	900.3801187
0.06665942703	900.3845349
0.06672726731	900.5013103
0.06679482489	900.6211401
0.06688540444	900.7759731
0.06690579352	900.8109078
0.06690897125	900.8163553
0.06704408641	901.0486588
0.06713466596	901.2051372
0.06715505505	901.2404423
0.06715823278	901.2459475
0.0671719758	901.2678636
0.06722628854	901.3556707
0.06728976628	901.4607097
0.06730256909	901.4822105
0.06733400654	901.535455
0.06735183835	901.5659399
0.06736444576	901.5876173
0.06739779333	901.6454504
0.06741503839	901.6790882
0.06747560559	901.7956394
0.06748859725	901.8168662
0.06750585802	901.844915
0.0675604616	901.9324953
0.06758716942	901.9806507
0.06759944499	902.0029453
0.06763610582	902.0701326
0.06763827622	902.0741386
0.06763910328	902.075666
0.067645933	902.0882965
0.06768701714	902.1649388
0.06772217147	902.2314222
0.06776396955	902.311554
0.06780639548	902.3940938
0.06782860288	902.437782
0.06786169872	902.4980437
0.06789322384	902.5555352
0.06805535653	902.8525979
0.06807786441	902.8940207
0.06811096024	902.9550104
0.06813197136	902.9916779
0.06813831199	903.0027829
0.06822315243	903.1531413
0.06828186988	903.2591307
0.06833732607	903.3606809
0.06834373392	903.3725055
0.06835252168	903.3887523
0.06836069805	903.4039005
0.06836465717	903.4112465
0.06836860873	903.4190689
0.06839119441	903.4637281
0.06844126754	903.5624273
0.06844600328	903.5717397
0.06847759694	903.6337676
0.06848191927	903.6417548
0.06852150932	903.7145257
0.06853859593	903.7457169
0.06861071492	903.8759344
0.06861092995	903.8763192
0.06862087214	903.8940879
0.06862193916	903.8959922
0.06862927863	903.9090776
0.06864154159	903.9323732
0.06873652926	904.1142164
0.06883112109	904.2977621
0.06884333295	904.3216369
0.06886080739	904.3558715
0.06886116002	904.3565632
0.06886151117	904.357252
0.06887902504	904.39051
0.06890199202	904.4341579
0.06909255652	904.7978363
0.06911007039	904.8313962
0.06911044006	904.8321232
0.06911072757	904.8326886
0.06912253118	904.8558873
0.06915461096	904.9187989
0.06924164139	905.0884601
0.06927257449	905.1484055
0.06929303879	905.1879605
0.06934397267	905.2860537
0.06937284273	905.341429
0.06938665702	905.3678683
0.069409962	905.4123873
0.0694635464	905.5143455
0.06953026368	905.6404323
0.06954048549	905.6597448
0.06960459476	905.7819604
0.06966662412	905.900155
0.06973080611	906.0223937
0.06978507078	906.1256984
0.0698384921	906.2273565
0.06984908155	906.2475029
0.06988985675	906.3250626
0.06995130132	906.4418932
0.06996339011	906.4648725
0.06997362891	906.4845073
0.06998895777	906.5139046
0.07003092301	906.594392
0.07004625187	906.6237948
0.07005649068	906.6434351
0.07021265163	906.9430699
0.07022289044	906.9627211
0.0702382193	906.992143
0.07028018454	907.0726977
0.0702955134	907.1021251
0.0703057522	907.1217819
0.07046191316	907.4204887
0.07052944606	907.5496943
0.0705513656	907.5910501
0.07055740664	907.6024583
0.07061266133	907.7070147
0.07063441731	907.7482871
0.07064648342	907.7712026
0.07073074453	907.9317334
0.07074548815	907.9599133
0.07077408903	908.0146559
0.07080701351	908.0778002
0.07082802992	908.1171941
0.07092247138	908.2938194
0.07096183356	908.367242
0.07105627503	908.5429415
0.07107729144	908.5819518
0.07117173291	908.7568525
0.07121109509	908.8295564
0.07130553655	909.0035315
0.07132655297	909.0421579
0.07140713961	909.1871872
0.07141459185	909.2007946
0.07142073947	909.2120447
0.07142680206	909.2230858
0.07146960853	909.300763
0.07155561643	909.4553432
0.07158435306	909.5065473
0.07160497155	909.5431492
0.07161591975	909.5629319
0.07162041501	909.5710668
0.07162510847	909.579568
0.07164024545	909.6070389
0.07165255938	909.6294464
0.07175318254	909.8145651
0.07178306051	909.870224
0.0718411352	909.9793161
0.07187584824	910.0450952
0.0718948137	910.0793883
0.07193145195	910.1456511
0.07196138846	910.1998071
0.07208847151	910.429841
0.07212510977	910.4962014
0.07214407522	910.5305595
0.07220029406	910.6286873
0.07220869394	910.6433546
0.07228167997	910.7708611
0.07228851041	910.7827996
0.07233358323	910.8616042
0.07238799544	910.9567947
0.07243061681	911.0314015
0.07249744843	911.1484642
0.07255266258	911.2452486
0.07257750344	911.2888129
0.07258093468	911.294698
0.07259169537	911.3129872
0.07263310715	911.3832848
0.07282676496	911.7101916
0.07283019621	911.7159565
0.0728409569	911.7340297
0.07288236868	911.8034962
0.07307602649	912.1265164
0.07307945773	912.1322125
0.07309021842	912.1500698
0.0731316302	912.2187052
0.07313849269	912.2300969
0.07315820654	912.2630831
0.0732472184	912.4108072
0.07328815227	912.4780732
0.07331994699	912.5300306
0.07335202128	912.5821877
0.07339230307	912.6473253
0.07339741687	912.6554862
0.07348739233	912.7987605
0.07349044494	912.803611
0.073498856	912.8181006
0.07353559542	912.8812153
0.07357180966	912.9431483
0.0736164804	913.0191611
0.07365621748	913.0864238
0.07371588656	913.1867977
0.0737222902	913.1975249
0.07376315056	913.2645596
0.07377816892	913.2889992
0.07384976306	913.4049319
0.07387411919	913.4441557
0.07398805595	913.6261854
0.07401241208	913.6647861
0.07402743044	913.6885332
0.07409902458	913.8011646
0.07412338071	913.8392654
0.07423731748	914.0160413
0.07426167361	914.0535189
0.07427669197	914.0765735
0.07434828611	914.1859036
0.07437264224	914.2218964
0.07448718824	914.3906075
0.07449388839	914.4004761
0.07454076951	914.4695278
0.07459991888	914.556651
0.074777367	914.8180308
0.07478871542	914.8347474
0.0747980027	914.848428
0.07482719552	914.8914306
0.07484282188	914.9144492
0.07484380503	914.9158974
0.07486131889	914.9412617
0.07488428588	914.974513
0.07507485038	915.2499571
0.07509236424	915.2752313
0.07509243176	915.2753225
0.07509271539	915.2757055
0.07509306802	915.2761818
0.07511054246	915.2998139
0.07520541173	915.4291444
0.07521734616	915.4455373
0.07522990222	915.4628137
0.07532459679	915.5940907
0.0753315667	915.6048139
0.07534202158	915.620843
0.0753428801	915.6221563
0.07536037199	915.6488157
0.07542693977	915.7485619
0.07542895813	915.751544
0.07547398748	915.8174256
0.07556309725	915.9279728
0.07557839711	915.9466094
0.07557916778	915.9475455
0.0755800325	915.948721
0.07560512197	915.9829162
0.07563605737	916.0253116
0.07564183945	916.0332642
0.07568349348	916.0908197
0.07573625645	916.164394
0.07577559752	916.2197389
0.07580299624	916.258529
0.07581752066	916.2791738
0.07591231449	916.4064452
0.07592848929	916.4280911
0.07598281682	916.5006444
0.07606678218	916.6123222
0.07616157602	916.7377364
0.07617509627	916.753794
0.07618429333	916.7647871
0.07623324327	916.8242504
0.07629773443	916.9050451
0.07630578025	916.9153206
0.07630739143	916.9173835
0.07634889133	916.9711178
0.07637367408	917.0037573
0.07638344999	917.0167457
0.07638856379	917.0232635
0.07647853925	917.1360066
0.07648159187	917.1397674
0.07649000293	917.1514537
0.07652674235	917.2023935
0.07656295659	917.2524362
0.07660762733	917.3139338
0.07664736441	917.3684249
0.07670703348	917.4498695
0.07671343712	917.458583
0.07675429748	917.5130843
0.07676931585	917.5329468
0.07684090998	917.6272906
0.07686526612	917.659257
0.07697920288	917.8079236
0.07700355901	917.8395178
0.07701857737	917.8589666
0.07709017151	917.9513384
0.07711452764	917.9826339
0.0772284644	918.1281622
0.07725282053	918.1590855
0.0772678389	918.1781206
0.07733943303	918.2685204
0.07736378917	918.2983237
0.07747833517	918.4383121
0.07748503532	918.4465363
0.07753191643	918.5041927
0.0775910658	918.5772143
0.07776851392	918.7981348
0.07777986234	918.8123582
0.07778914962	918.8240067
0.07781834244	918.8606712
0.0778339688	918.880328
0.07783495195	918.8815655
0.07785246581	918.9031566
0.0778754328	918.9315051
0.0780659973	919.1682378
0.07808351116	919.1901306
0.07808357868	919.1902093
0.07808386232	919.1905398
0.07808421495	919.1909506
0.07810168938	919.2113545
0.07819655865	919.3235715
0.07820849308	919.337861
0.07822104915	919.3529365
0.07831574371	919.4680075
0.07832271363	919.4775586
0.07833316851	919.4918418
0.07833402703	919.4930124
0.07835151892	919.516786
0.0784180867	919.6059291
0.07842010506	919.608599
0.07846513441	919.667661
0.07855424418	919.7648797
0.07856954404	919.7814238
0.0785703147	919.782256
0.07857117942	919.7833172
0.07859626889	919.8142361
0.0786272043	919.8526965
0.07863298637	919.8599264
0.0786746404	919.9123952
0.07872740337	919.9798271
0.07876674445	920.030811
0.07879414316	920.0666742
0.07880866758	920.0858044
0.07890346142	920.2036431
0.07891963621	920.2237554
0.07897396374	920.2913194
0.07905792911	920.3957768
0.07915272294	920.5137557
0.0791662432	920.5287165
0.07917544025	920.5389766
0.0792243902	920.5947164
0.07928888135	920.6710627
0.07929692717	920.6808196
0.07929853835	920.6827797
0.07934003826	920.7339763
0.07936482101	920.765203
0.07937459692	920.7776552
0.07937971072	920.7837582
0.07946968618	920.8912482
0.0794727388	920.8948987
0.07948114986	920.9062785
0.07951788927	920.9559495
0.07955410351	921.0048536
0.07959877425	921.0650995
0.07963851134	921.1186194
0.07969818041	921.1988568
0.07970458405	921.2074587
0.07974544441	921.2611863
0.07976046277	921.2808063
0.07983205691	921.3743008
0.07985641304	921.4060936
0.0799703498	921.5547267
0.07999470593	921.5864801
0.0800097243	921.6060563
0.08008131843	921.6993415
0.08010567457	921.7310632
0.08021961133	921.8793634
0.08024396746	921.9110456
0.08025898582	921.9305779
0.08033057996	922.0236539
0.08035493609	922.0544288
0.08046948209	922.1996846
0.08047618225	922.2082533
0.08052306336	922.2684312
0.08058221273	922.344914
0.08075966085	922.5780913
0.08077100927	922.5931941
0.08078029655	922.6055709
0.08080948937	922.6445747
0.08082511573	922.665515
0.08082609888	922.6668339
0.08084361274	922.68993
0.08086657973	922.720291
0.08105714423	922.9754328
0.08107465809	922.9991707
0.08107472561	922.9992561
0.08107500925	922.999615
0.08107536187	923.0000613
0.08109283631	923.0222339
0.08118770558	923.1446106
0.08119964001	923.1602447
0.08121219608	923.1767508
0.08130689064	923.3031422
0.08131386056	923.3135577
0.08132431543	923.3291428
0.08132517395	923.3304206
0.08134266584	923.3563873
0.08140923362	923.4540375
0.08141125199	923.4569693
0.08145628133	923.5219355
0.08154539111	923.6317583
0.08156069097	923.6504078
0.08156146163	923.6513455
0.08156232635	923.6525232
0.08158741582	923.6868368
0.08161835123	923.7295278
0.0816241333	923.737554
0.08166578733	923.7958102
0.0817185503	923.8707021
0.08175789138	923.9273424
0.08178529009	923.9671924
0.08179981451	923.9884517
0.08189460834	924.1206555
0.08191078314	924.1432961
0.08196511067	924.2195168
0.08204907603	924.3378526
0.08214386987	924.4722281
0.08215739012	924.4896832
0.08216658718	924.501644
0.08221553712	924.5664895
0.08228002828	924.6549713
0.0822880741	924.6662533
0.08228968528	924.668519
0.08233118519	924.7276236
0.08235596794	924.7636039
0.08236574384	924.7779376
0.08237085765	924.7851599
0.0824608331	924.9110076
0.08246388572	924.9152366
0.08247229678	924.9282409
0.0825090362	924.9850534
0.08254525044	925.0410697
0.08258992118	925.1101882
0.08262965826	925.171693
0.08268932734	925.2640842
0.08269573098	925.274002
0.08273659134	925.3363134
0.0827516097	925.359126
0.08282320384	925.4679783
0.08284755997	925.5050482
0.08296149673	925.6787197
0.08298585286	925.7159009
0.08300087122	925.7388371
0.08307246536	925.8482793
0.08309682149	925.8855499
0.08321075825	926.06016
0.08323511439	926.0975419
0.08325013275	926.1206019
0.08332172688	926.2306339
0.08334608302	926.2671887
0.08346062902	926.4401219
0.08346732917	926.4503237
0.08351421028	926.5219737
0.08357335966	926.613041
0.08375080778	926.8907111
0.0837621562	926.9086971
0.08377144347	926.9234368
0.0838006363	926.9698878
0.08381626266	926.9948267
0.0838172458	926.9963975
0.08383475966	927.0239718
0.08385772665	927.060213
0.08404829115	927.3644724
0.08406580501	927.3927538
0.08406587254	927.3928568
0.08406615617	927.3932898
0.0840665088	927.3938282
0.08408398323	927.4205616
0.08417885251	927.5675676
0.08419078693	927.5862843
0.084203343	927.6060299
0.08429803756	927.7567274
0.08430500748	927.7689322
0.08431546236	927.7872023
0.08431632088	927.7887006
0.08433381277	927.8191625
0.08440038055	927.9339503
0.08440239891	927.9374025
0.08444742826	928.0139901
0.08453653803	928.1464422
0.08455183789	928.16914
0.08455260855	928.1702829
0.08455347328	928.1716897
0.08457856274	928.2126715
0.08460949815	928.2636438
0.08461528022	928.273225
0.08465693425	928.3427511
0.08470969723	928.4320883
0.0847490383	928.4996228
0.08477643701	928.5471223
0.08479096143	928.5724575
0.08488575527	928.7291713
0.08490193007	928.7559956
0.0849562576	928.8462719
0.08504022296	928.9863411
0.0851350168	929.1452676
0.08514853705	929.1658847
0.08515773411	929.1800269
0.08520668405	929.2568984
0.0852711752	929.3622928
0.08527922102	929.37577
0.0852808322	929.3784776
0.08532233211	929.4492248
0.08534711486	929.4923976
0.08535689077	929.5096179
0.08536152202	929.5167229
0.08538887623	929.558555
0.08545125199	929.6530916
0.08546416126	929.6770498
0.08550137939	929.7462435
0.08553735679	929.8133014
0.08558048607	929.8939109
0.08561972775	929.9674641
0.08568102794	930.0827627
0.0856868779	930.0937913
0.08572773826	930.1662927
0.08574275662	930.1921722
0.08581435076	930.3157994
0.08583870689	930.3579538
0.08595264365	930.555803
0.08597699979	930.5982366
0.08599201815	930.6244262
0.08606361229	930.7495321
0.08608796842	930.7921896
0.08620190518	930.992392
0.08622626131	931.0353285
0.08624127967	931.0618284
0.08631287381	931.1884129
0.08633722994	931.230544
0.08641354614	931.3679094
0.08641694438	931.3740216
0.08644391851	931.4225246
0.08647222463	931.4734714
0.08653885135	931.593298
0.0865545101	931.6214412
0.08656044798	931.6321036
0.08669563864	931.875468
0.08678391642	932.0350107
0.08680377163	932.070963
0.08680970951	932.0817198
0.08694490017	932.3272326
0.08703317794	932.4881782
0.08705303315	932.5244461
0.08705897103	932.5352973
0.08719416169	932.7829585
0.08728243947	932.9453071
0.08728861007	932.9562101
0.08730488924	932.9849636
0.08731537766	933.0048431
0.08734283813	933.0569276
0.08735289792	933.0760214
0.08743785437	933.2303583
0.08748899552	933.3233992
0.08749101001	933.3270435
0.08763274272	933.5837029
0.08763526931	933.5882829
0.08773825705	933.7751115
0.08774027154	933.7787687
0.08788200424	934.0363381
0.08788453083	934.0409343
0.08798751857	934.2284241
0.08798953306	934.2320943
0.08813126576	934.4905736
0.08813379235	934.495186
0.08813742886	934.5016601
0.08825836852	934.7173379
0.08829500415	934.7811782
0.08834421256	934.8666147
0.08837728229	934.9238296
0.08837866211	934.9262133
0.08842139327	934.9998952
0.08851433644	935.1769033
0.08852824691	935.2032897
0.08855249705	935.2492234
0.08860440236	935.3472594
0.0886701729	935.4709328
0.0887188852	935.5619724
0.08873390351	935.589615
0.08880549768	935.7211768
0.08882985383	935.765853
0.08894379057	935.9743013
0.08896814673	936.0187447
0.08898316501	936.0461286
0.08905475919	936.176457
0.08907911536	936.2207136
0.08919305208	936.4271991
0.08921740826	936.4712229
0.08923242651	936.498348
0.08930402071	936.6274431
0.08932837689	936.6714423
0.08936128965	936.7294624
0.0894713816	936.9264177
0.08966161902	937.2634303
0.08970873229	937.3462427
0.08974029508	937.4015771
0.08974838189	937.4158589
0.0897670278	937.448786
0.08990117318	937.6855625
0.08997091066	937.808576
0.08998955662	937.8414574
0.08999764344	937.8557171
0.09001628941	937.8885931
0.09015043478	938.1250012
0.09022017214	938.2478231
0.09023881816	938.2806535
0.09024690499	938.2948909
0.09031251181	938.4064673
0.09039536261	938.5461009
0.0904014869	938.557053
0.09043452341	938.6159552
0.09047924237	938.69521
0.09049327785	938.7199719
0.0905149822	938.7581571
0.09055418918	938.8268082
0.09060322633	938.9120787
0.09062543192	938.9501184
0.09068316682	939.0495403
0.09076623922	939.1917784
0.09077946229	939.2143304
0.09087469366	939.3760273
0.09093242983	939.4734436
0.09101550053	939.61279
0.09102872404	939.6348829
0.09112395541	939.7932681
0.09118169284	939.8886787
0.09126476183	940.0251336
0.09127692362	940.0426089
0.09135604093	940.1689385
0.09137163248	940.193765
0.09138314795	940.2120866
0.09149232983	940.3829405
0.09152813434	940.4387004
0.09157819695	940.5164423
0.09170728382	940.7194896
0.09173380052	940.7609664
0.09178633504	940.8429056
0.09182745919	940.9068307
0.09195654658	941.1062507
0.09198306031	941.1469777
0.09203559153	941.2274354
0.09207672143	941.2902134
0.09220580935	941.4860061
0.09222781111	941.5186476
0.09224394104	941.540941
0.09227243004	941.5802784
0.09230734863	941.628428
0.09235231331	941.6903238
0.09240222492	941.7588889
0.09243064525	941.8025913
0.09243989497	941.8167531
0.09246015253	941.8476625
0.09250273034	941.9121549
0.09254370399	941.9736113
0.09257333782	942.0176887
0.09262430251	942.0936755
0.09263439871	942.108811
0.09270577025	942.2116409
0.09271576108	942.2259214
0.09274537091	942.2680797
0.09288366825	942.4617283
0.09295502376	942.5595434
0.09296502808	942.5731433
0.09299464045	942.6132336
0.09313293779	942.7972071
0.09320427727	942.8900096
0.09322625212	942.914778
0.09323170944	942.9209569
0.0932540707	942.9514462
0.09329938768	943.0126987
0.09344729351	943.2076134
0.09344971585	943.210742
0.09345770524	943.2210459
0.09346553669	943.2311244
0.09346751173	943.2338664
0.09347055129	943.2380859
0.09348353249	943.2561012
0.09349319336	943.2682895
0.09362826118	943.4381093
0.09363278833	943.4437824
0.09368182465	943.5051524
0.09368387888	943.5077202
0.0937575829	943.599683
0.09381467026	943.6685247
0.09390988319	943.7814137
0.09396393437	943.8444264
0.09400689251	943.8939526
0.09406388373	943.9588999
0.09415909666	944.0654773
0.09421324889	944.1250174
0.09425620212	944.1716895
0.09431309719	944.2327551
0.09436477211	944.2859895
0.09440718707	944.3293877
0.09447453871	944.4030265
0.09449170996	944.4215458
0.09450972358	944.4408622
0.09458610869	944.5215051
0.09473887893	944.6766418
0.09474976678	944.6873853
0.09475988639	944.6973335
0.09476503032	944.7023764
0.09476672687	944.7040377
0.0947736782	944.7108336
0.09477810601	944.7151537
0.09478040397	944.7174119
0.09491830579	944.8512158
0.09501117655	944.9394261
0.09502164425	944.9487444
0.09502195226	944.9490182
0.09502599738	944.9526112
0.0950348087	944.9604231
0.09503716504	944.9625088
0.09516940203	945.0772534
0.09518032158	945.0865263
0.09524847224	945.1437027
0.0952630699	945.1557935
0.09528896854	945.1771088
0.09529566671	945.1825933
0.09533747199	945.2206256
0.09534657485	945.2289181
0.09534729607	945.2295739
0.09544396053	945.3159178
0.09544428802	945.3162051
0.09549531148	945.3605282
0.09552369569	945.3848119
0.09557901629	945.4322594
0.0955815161	945.4343865
0.09565705679	945.4979707
0.09565871433	945.4993509
0.09570619355	945.5374549
0.09570761886	945.5385912
0.09578474511	945.5994184
0.09590743141	945.6935093
0.09595406398	945.7284135
0.09595661944	945.7303126
0.09600917712	945.7690551
0.09615614849	945.8742024
0.09620193441	945.9059983
0.09620562003	945.9085379
0.09620886267	945.9108039
0.09622270904	945.9204378
0.09638079251	946.0256042
0.09639353409	946.0336945
0.09639427411	946.0342108
0.09640603841	946.0424079
0.09641350254	946.0475978
0.0964636969	946.0822763
0.09648642666	946.0978528
0.09653777376	946.1327489
0.0965520246	946.1423622
0.09665412415	946.2042459
0.0966892173	946.2249072
0.09677436598	946.2737442
0.09680124034	946.2887772
0.09690350549	946.3443118
0.09693852863	946.3627229
0.09702367731	946.4061897
0.09705555652	946.4187826
0.0971165574	946.4433864
0.09715982319	946.4612408
0.09718393806	946.4713378
0.0971915554	946.4744587
0.09723326569	946.4915123
0.09730002997	946.5186847
0.09730106441	946.5191045
0.09730156832	946.5193089
0.09730181906	946.5194403
0.0974018528	946.5705445
0.09742853477	946.5837396
0.09746876807	946.6032891
0.09748619605	946.6116279
0.09751492487	946.6239973
0.09757193565	946.6479761
0.09769175662	946.693802
0.0977256788	946.7063022
0.09775583464	946.7172391
0.09782120295	946.74038
0.09794102321	946.7807829
0.09797492252	946.7917405
0.09800511902	946.8013256
0.09807047026	946.8215027
0.09819028981	946.8564826
0.09821466636	946.8636129
0.09823182309	946.8685925
0.098276835	946.8815039
0.09835224034	946.9026375
0.0983940153	946.9140783
0.098492965	946.9439248
0.09850420506	946.9471238
0.09850464711	946.9472488
0.09855633958	946.9614955
0.09858216417	946.9685748
0.09858763815	946.9700721
0.09867120471	946.9927888
0.09868097907	946.9954285
0.09868586216	946.9967459
0.09874154633	947.0082044
0.09879682108	947.0186001
0.09881440835	947.0217034
0.0989253932	947.0390096
0.09893510187	947.0403365
0.09899081197	947.0473693
0.09904606079	947.0533656
0.09906370631	947.0550755
0.09917469116	947.0635524
0.09918112755	947.0638367
0.09919385372	947.0644088
0.09930452719	947.0699484
0.09931356294	947.0704453
0.09934735914	947.0723636
0.0994141817	947.076434
0.09941524317	947.0764187
0.0994210342	947.0763318
0.09942171403	947.0763213
0.09942499519	947.0762692
0.09950690713	947.0743854
0.09950810994	947.074426
0.09955171623	947.0757436
0.09966506957	947.0732442
0.09972697666	947.0710338
0.09972927428	947.0709403
0.09980113458	947.0675998
0.09991449817	947.060694
0.09997606764	947.0561041
0.09997870043	947.0558947
0.1000505529	947.0497618
0.1001639268	947.0384488
0.1001994299	947.0342231
0.1002038288	947.0336755
0.1002642308	947.0256194
0.1003243394	947.0166093
0.1003438565	947.0134707
0.1004271695	947.0062332
0.1004442072	947.0045921
0.1004677958	947.0022297
0.1005004094	946.9972677
0.1005991316	946.9811676
0.1006836422	946.968207
0.1007030078	946.964973
0.1007121957	946.9634041
0.1008531	946.9365675
0.1009370057	946.91811
0.1009565355	946.9135486
0.1009661642	946.9112628
0.1011070685	946.875028
0.1011903691	946.8511541
0.1012100606	946.8452442
0.1012201326	946.842182
0.1013195455	946.8176876
0.1013418566	946.8121505
0.1013467989	946.810922
0.1013843161	946.7994982
0.1014349305	946.7836549
0.1014682599	946.7729515
0.1015284981	946.7530615
0.1015503102	946.7456863
0.1015712423	946.738522
0.1016025554	946.720886
0.1017145388	946.6765177
0.101792044	946.6443934
0.1018096145	946.6369498
0.1018540963	946.617839
0.1019660797	946.5680377
0.1020459283	946.5310502
0.1020551768	946.5266867
0.1021056372	946.5025883
0.1022176205	946.4473541
0.1022537438	946.4299784
0.1022967498	946.4050657
0.1022980605	946.4043004
0.1023695568	946.3620211
0.1023702007	946.3616355
0.1024050608	946.3406344
0.1024331334	946.3235403
0.1025147005	946.2841464
0.1025391037	946.2720322
0.1025505821	946.2662818
0.1025882488	946.2471768
0.1026256617	946.2278439
0.1026357935	946.2220906
0.1026791225	946.1973644
0.1028000744	946.1243024
0.1028401792	946.0994081
0.1028993848	946.0620489
0.1029508088	946.0290109
0.1030717607	945.9491458
0.1030841519	945.9407928
0.1031932351	945.8658873
0.1032224951	945.845376
0.1033012321	945.789301
0.1033281245	945.7698547
0.1033434471	945.7587077
0.1033551306	945.750639
0.1034380231	945.693036
0.1034583426	945.6788204
0.1034997509	945.6479401
0.1035244563	945.6293239
0.1035675011	945.5965453
0.1035946685	945.5756329
0.1036369769	945.5427197
0.1036805935	945.5081846
0.1037334474	945.4658226
0.1037520389	945.4507882
0.103895433	945.3324933
0.1039339072	945.30005
0.1039844468	945.25698
0.104010495	945.2345812
0.1041538892	945.108833
0.1041872208	945.0790108
0.1042347266	945.0361208
0.1042689511	945.0049403
0.1043984152	944.8962706
0.1044349906	944.8643848
0.1044861694	944.8188914
0.1045068211	944.7992526
0.1045669533	944.7418561
0.1046005782	944.7103167
0.1046214627	944.6905888
0.1046316823	944.6808964
0.1046353194	944.6774409
0.1046882221	944.626814
0.1047200027	944.5960728
0.1047574997	944.5594858
0.1047589092	944.5581038
0.1047679412	944.5492367
0.1048970308	944.410705
0.1049224732	944.3828302
0.1049568081	944.3467121
0.1049928939	944.3082989
0.1050264761	944.2721336
0.1051780691	944.1038737
0.1051808569	944.1007026
0.1051921927	944.0871131
0.1052361124	944.0345057
0.1052965828	943.9621891
0.105321272	943.9327017
0.1053473059	943.9016324
0.1053711983	943.8731406
0.1054088657	943.8282646
0.105439379	943.7919497
0.1055024192	943.7170313
0.1055138562	943.7033369
0.1055934528	943.6072392
0.1056564273	943.5302297
0.1057060927	943.4688849
0.105791102	943.3626352
0.1058045407	943.3456944
0.1058601008	943.2752369
0.1059058023	943.2167762
0.1059097662	943.2116842
0.1059135818	943.2067794
0.1059718762	943.1275717
0.1059861929	943.1083387
0.1060557896	943.0160769
0.1061001948	942.96234
0.1061560771	942.8940018
0.1061597337	942.8891207
0.106248863	942.7686283
0.1063041552	942.6924143
0.1063534874	942.6272002
0.1063970219	942.569203
0.1064404075	942.5109872
0.1064555056	942.4901417
0.1064673489	942.4737886
0.1066131419	942.2723584
0.1066525385	942.2178896
0.1066592861	942.208559
0.1066690941	942.1949954
0.1066808892	942.1787128
0.106772777	942.0511132
0.106811909	941.9963679
0.1068575353	941.9322316
0.106863877	941.9232912
0.106869812	941.9149183
0.1069195795	941.8444893
0.1069774089	941.7621603
0.1070685089	941.6313939
0.1070909049	941.5974842
0.1071995689	941.4311574
0.1072677218	941.3253167
0.1072735888	941.3161505
0.1072798524	941.3063549
0.1073480053	941.1991317
0.1074686242	941.0064884
0.1074776287	940.9910923
0.1074818232	940.9839203
0.1076169055	940.7528994
0.1076647768	940.6871213
0.1076696879	940.6803273
0.1076944565	940.6459324
0.1077371684	940.586111
0.1078044145	940.4906194
0.1078128064	940.477378
0.1078542351	940.4117739
0.1078819761	940.3651426
0.1078826609	940.3638161
0.1078847106	940.3598437
0.1079527919	940.2264135
0.1079717173	940.1888095
0.1079761901	940.1798895
0.1080145182	940.102943
0.1080391204	940.0530699
0.1080767189	939.9939074
0.1081154195	939.9330051
0.1081476627	939.8822603
0.1082183144	939.7710536
0.1082470935	939.7230353
0.1082658858	939.6915549
0.1082929001	939.6461287
0.1083134573	939.6114237
0.1083140119	939.6104858
0.1083184897	939.6029099
0.1084097094	939.4473581
0.1084816264	939.3230824
0.1085297525	939.2391111
0.1085921295	939.1319333
0.108671438	938.9949547
0.1086759445	938.9871476
0.1087072891	938.9327737
0.1088072309	938.7585764
0.1088163367	938.7426423
0.108816576	938.7422236
0.1088546613	938.6754648
0.1089358008	938.5326274
0.1089657791	938.4786747
0.1089836276	938.4464704
0.1090515777	938.3233083
0.1090941694	938.2456577
0.1091373763	938.16653
0.1091515413	938.1405107
0.1091657063	938.114453
0.1092673183	937.9264007
0.1093672819	937.7394666
0.1093972602	937.6830329
0.1094178122	937.6432923
0.1094857224	937.5130424
0.1095157648	937.4576605
0.1095491175	937.3960757
0.1095660214	937.3645069
0.1096483477	937.2104226
0.1096940985	937.1245526
0.1097415895	937.0352338
0.1097644342	936.9922025
0.109780169	936.9625387
0.1098043118	936.9186835
0.1098270279	936.8773916
0.1099014517	936.7419174
0.1100171937	936.5306477
0.1100216465	936.5223752
0.110033678	936.4999951
0.1100338039	936.4997608
0.1100340279	936.4993436
0.1100420952	936.4843143
0.1100501624	936.4692668
0.1101811066	936.2224866
0.1102494186	936.0918492
0.1102578357	936.0756626
0.1103177048	935.967188
0.1103755683	935.862308
0.1103830161	935.8488058
0.1103930471	935.8306193
0.1104530669	935.721778
0.1105007603	935.6352601
0.1105132786	935.6125469
0.1105170476	935.6048829
0.1105255086	935.5876912
0.1106100959	935.4168145
0.1106455005	935.3458296
0.1106525189	935.3317955
0.1106587037	935.3194387
0.1107628382	935.1128357
0.1108076489	935.027796
0.1109074167	934.8373569
0.1109343726	934.7856414
0.1109785788	934.7005903
0.1110227849	934.61524
0.1110235031	934.6137797
0.1110245314	934.6116888
0.1111054294	934.4475787
0.1111706248	934.3158733
0.1112004351	934.2558155
0.1112327361	934.1908557
0.111279799	934.0964245
0.1112932801	934.0715067
0.1113384482	933.988088
0.1113790016	933.913281
0.1114247628	933.8289683
0.111449235	933.7850155
0.1114770029	933.734993
0.1114806867	933.7283449
0.1114849616	933.7206265
0.1115468763	933.6080421
0.1115898325	933.5308228
0.1116499414	933.4185294
0.1117100504	933.3061044
0.1118152663	933.1089966
0.111865682	933.0144068
0.1119160977	932.9197244
0.1120213137	932.7218271
0.1120814226	932.6085892
0.1121184825	932.5358655
0.1121197551	932.5333849
0.1121675954	932.4409346
0.1121689551	932.4383299
0.1122071812	932.3656175
0.1122515125	932.2825412
0.1122677159	932.252511
0.1122769534	932.2354713
0.1123167631	932.1598389
0.112431055	931.9425969
0.1124765338	931.8561092
0.1124926939	931.8253714
0.112508854	931.7946304
0.1125543328	931.7081006
0.1126686247	931.4905351
0.1127217044	931.3879093
0.112797899	931.2427164
0.112849765	931.1453152
0.1128801813	931.0926705
0.1129057273	931.0483729
0.1129480527	930.9748138
0.1130372606	930.8190992
0.113060325	930.7786907
0.1130822817	930.7401656
0.1131054874	930.6993886
0.1131142073	930.6844283
0.1131440919	930.633322
0.1132191508	930.5024744
0.113294702	930.3700887
0.1133508727	930.2712206
0.1134344953	930.1233344
0.1134584469	930.080822
0.113468075	930.0637137
0.1135065356	929.9952613
0.113517821	929.9751418
0.1136257156	929.782021
0.1136334411	929.7684594
0.1136452924	929.7476591
0.113709749	929.6346225
0.1137730817	929.5237057
0.1137873499	929.4987377
0.113861033	929.3699185
0.1138914108	929.320479
0.1139027907	929.301976
0.1139096288	929.2908624
0.1139210742	929.2722686
0.1139506448	929.2242748
0.1140061978	929.1342874
0.1140165201	929.1175924
0.1140453482	929.0710084
0.1140867368	929.0042365
0.1141307859	928.9308492
0.1141678941	928.8694237
0.1141827822	928.8448816
0.1142171592	928.7884371
0.1142347785	928.7596285
0.1143024773	928.6497001
0.1143701762	928.5409829
0.1143777848	928.5288399
0.1143985228	928.495821
0.1145182179	928.3074635
0.1145622671	928.2390989
0.1145712553	928.224189
0.1146079636	928.1636086
0.1146183171	928.14734
0.1146377098	928.1169425
0.114685232	928.0497775
0.1147890229	927.9040377
0.114797709	927.8919002
0.1147992131	927.8897994
0.1148016443	927.8858914
0.1148119001	927.8694181
0.1148460408	927.8147212
0.1148628792	927.7865445
0.1149953793	927.5667299
0.1150724034	927.440502
0.1150751456	927.4365299
0.115121365	927.3698466
0.1152119834	927.2405587
0.1152322149	927.2113362
0.1152524465	927.1821912
0.1152808524	927.1414011
0.1154040743	926.9662248
0.1154479555	926.9045354
0.1154918367	926.8432103
0.1156150587	926.672952
0.1156434646	926.6341104
0.1156636961	926.6065393
0.1156839276	926.5786683
0.1156922723	926.5671971
0.1157597415	926.474979
0.1157993567	926.4212705
0.1158355555	926.3724774
0.1158794366	926.313692
0.1159233178	926.2553046
0.1159425508	926.229839
0.1159754821	926.1864135
0.1160410711	926.1005908
0.1160951772	926.0304625
0.1161154087	926.0043954
0.1161887206	925.9053767
0.1162214951	925.8616485
0.1162736012	925.800213
0.1164560654	925.5915235
0.1164637225	925.5829852
0.1164835054	925.5610069
0.1164976097	925.5454094
0.1164993357	925.5432954
0.1165133182	925.5261948
0.1165270339	925.5080708
0.1165390823	925.4922033
0.1165491821	925.4789405
0.1166742163	925.3176474
0.1166954712	925.2907622
0.1167097287	925.272815
0.1167619884	925.207627
0.1167940106	925.1736336
0.116866177	925.0986826
0.1168907358	925.0712904
0.1169152946	925.0440244
0.1170173303	924.9320925
0.1170582679	924.8877968
0.1171064763	924.8360835
0.1171546848	924.7848566
0.1171956224	924.7417375
0.1172976581	924.635791
0.1173222169	924.6106163
0.1173467757	924.5845651
0.1173558976	924.5749078
0.1174182624	924.5091592
0.1174637365	924.4615213
0.117489749	924.4343862
0.1175379575	924.3843188
0.1175861659	924.3345391
0.1176029736	924.3172513
0.1176340029	924.2854274
0.117753698	924.1637844
0.1177782568	924.1390453
0.1177984926	924.1182819
0.117880294	924.0361438
0.11790698	924.0095974
0.1179429275	923.9738843
0.1179663923	923.9506013
0.1179924128	923.924809
0.1180229635	923.894562
0.1181366234	923.7959445
0.1181564441	923.778975
0.1182273172	923.7188511
0.1183470123	923.6140402
0.1183475482	923.6135771
0.118347828	923.6133493
0.1183482513	923.6130048
0.1183927134	923.577269
0.1184308369	923.5473347
0.1184604637	923.5245226
0.1185052861	923.4907594
0.1185391291	923.4632651
0.1185729721	923.4359102
0.1186130661	923.4036834
0.1186351745	923.3859969
0.1187548697	923.2912757
0.118765063	923.2832898
0.1188509151	923.2165321
0.1188955704	923.1818711
0.1189274198	923.1574812
0.1189535552	923.137673
0.1190359155	923.0764669
0.1191200016	923.0158812
0.1191259464	923.0116706
0.1191385556	923.0027716
0.1191515284	922.9934435
0.1191742266	922.9771948
0.1193422748	922.8597668
0.1193445858	922.8581872
0.1193542962	922.8515605
0.1193663175	922.84338
0.1194764946	922.7673004
0.1195000262	922.7515638
0.1195091199	922.7455308
0.1195203295	922.7381311
0.1195465937	922.7209538
0.1196334455	922.665751
0.1196383438	922.6627109
0.1196603489	922.6491498
0.1196912505	922.6303723
0.1197593857	922.5900687
0.1197969116	922.5662322
0.1198442509	922.53661
0.1198539161	922.5290859
0.119871152	922.5157333
0.1199128468	922.4837769
0.1199398169	922.4633656
0.1199642781	922.4450294
0.12	922.4283189
