[40, 3.56, 0.68]
[45, 3.59, 0.66]
[50, 3.62, 0.65]
[55, 3.65, 0.63]
[60, 3.69, 0.59]
[65, 3.7, 0.58]
[70, 3.75, 0.57]
[75, 3.78, 0.54]
[80, 3.82, 0.51]
[85, 3.83, 0.51]
[90, 3.87, 0.48]
[95, 3.9, 0.45]
[100, 3.92, 0.43]
[105, 3.95, 0.41]
[110, 3.97, 0.41]
[115, 4.01, 0.38]
[120, 4.06, 0.35]
[125, 4.09, 0.33]
[130, 4.11, 0.31]
[135, 4.15, 0.29]
[140, 4.19, 0.27]
[145, 4.22, 0.25]
[150, 4.26, 0.24]
[155, 4.3, 0.21]
[160, 4.34, 0.2]
[165, 4.36, 0.2]
[170, 4.39, 0.2]
[175, 4.41, 0.21]
[180, 4.46, 0.19]
[185, 4.48, 0.22]
[190, 4.5, 0.23]
[195, 4.53, 0.22]
[200, 4.55, 0.25]
[205, 4.59, 0.26]
[210, 4.61, 0.28]
[215, 4.63, 0.3]
[220, 4.66, 0.33]
[225, 4.69, 0.37]
[230, 4.71, 0.39]
[235, 4.74, 0.41]
[240, 4.75, 0.44]
[245, 4.77, 0.46]
[250, 4.8, 0.5]
[255, 4.83, 0.53]
[260, 4.86, 0.56]
[265, 4.88, 0.63]
[270, 4.89, 0.74]
