[40, 3.75, 0.89]
[45, 3.73, 0.87]
[50, 3.75, 0.82]
[55, 3.77, 0.79]
[60, 3.79, 0.78]
[65, 3.82, 0.77]
[70, 3.83, 0.74]
[75, 3.85, 0.71]
[80, 3.86, 0.7]
[85, 3.88, 0.68]
[90, 3.9, 0.66]
[95, 3.92, 0.64]
[100, 3.94, 0.6]
[105, 3.96, 0.58]
[110, 3.98, 0.53]
[115, 4.0, 0.52]
[120, 4.01, 0.51]
[125, 4.05, 0.48]
[130, 4.06, 0.47]
[135, 4.08, 0.46]
[140, 4.11, 0.44]
[145, 4.12, 0.41]
[150, 4.15, 0.38]
[155, 4.17, 0.37]
[160, 4.17, 0.35]
[165, 4.2, 0.34]
[170, 4.22, 0.31]
[175, 4.24, 0.28]
[180, 4.26, 0.25]
[185, 4.29, 0.21]
[190, 4.3, 0.21]
[195, 4.33, 0.24]
[200, 4.34, 0.32]
[205, 4.35, 0.44]
