[40, 3.19, 0.95]
[45, 3.26, 0.9]
[50, 3.29, 0.87]
[55, 3.34, 0.84]
[60, 3.38, 0.83]
[65, 3.41, 0.82]
[70, 3.46, 0.78]
[75, 3.51, 0.74]
[80, 3.54, 0.73]
[85, 3.57, 0.7]
[90, 3.61, 0.68]
[95, 3.62, 0.67]
[100, 3.67, 0.65]
[105, 3.7, 0.63]
[110, 3.77, 0.61]
[115, 3.8, 0.59]
[120, 3.86, 0.56]
[125, 3.92, 0.52]
[130, 3.95, 0.54]
[135, 3.98, 0.53]
[140, 4.05, 0.49]
[145, 4.11, 0.45]
[150, 4.17, 0.4]
[155, 4.21, 0.42]
[160, 4.25, 0.41]
[165, 4.3, 0.38]
[170, 4.35, 0.36]
[175, 4.41, 0.34]
[180, 4.45, 0.34]
[185, 4.51, 0.32]
[190, 4.57, 0.32]
[195, 4.63, 0.32]
[200, 4.67, 0.3]
[205, 4.71, 0.33]
[210, 4.75, 0.33]
[215, 4.76, 0.41]
[220, 4.74, 0.58]
