[40, 3.39, 0.86]
[45, 3.4, 0.86]
[50, 3.44, 0.83]
[55, 3.47, 0.8]
[60, 3.5, 0.78]
[65, 3.53, 0.77]
[70, 3.57, 0.73]
[75, 3.6, 0.71]
[80, 3.63, 0.69]
[85, 3.66, 0.68]
[90, 3.71, 0.65]
[95, 3.73, 0.63]
[100, 3.78, 0.6]
[105, 3.81, 0.58]
[110, 3.83, 0.57]
[115, 3.9, 0.53]
[120, 3.91, 0.52]
[125, 3.96, 0.48]
[130, 4.0, 0.47]
[135, 4.04, 0.45]
[140, 4.06, 0.44]
[145, 4.1, 0.42]
[150, 4.14, 0.39]
[155, 4.33, 0.38]
[160, 4.23, 0.34]
[165, 4.26, 0.33]
[170, 4.31, 0.31]
[175, 4.35, 0.29]
[180, 4.38, 0.28]
[185, 4.42, 0.27]
[190, 4.46, 0.25]
[195, 4.49, 0.25]
[200, 4.5, 0.27]
[205, 4.55, 0.26]
[210, 4.58, 0.27]
[215, 4.6, 0.3]
[220, 4.6, 0.37]
[225, 4.59, 0.46]
[230, 4.67, 0.57]
