[40, 3.08, 0.77]
[45, 3.12, 0.75]
[50, 3.14, 0.72]
[55, 3.16, 0.72]
[60, 3.21, 0.67]
[65, 3.25, 0.68]
[70, 3.26, 0.65]
[75, 3.29, 0.64]
[80, 3.34, 0.61]
[85, 3.39, 0.58]
[90, 3.45, 0.56]
[95, 3.48, 0.53]
[100, 3.52, 0.51]
[105, 3.52, 0.5]
[110, 3.56, 0.49]
[115, 3.6, 0.47]
[120, 3.65, 0.45]
[125, 3.7, 0.42]
[130, 3.76, 0.39]
[135, 3.77, 0.38]
[140, 3.84, 0.33]
[145, 3.86, 0.35]
[150, 3.9, 0.31]
[155, 3.96, 0.3]
[160, 4.01, 0.26]
[165, 4.04, 0.25]
[170, 4.1, 0.21]
[175, 4.15, 0.2]
[180, 4.2, 0.19]
[185, 4.24, 0.19]
[190, 4.29, 0.17]
[195, 4.31, 0.19]
[200, 4.33, 0.22]
[205, 4.35, 0.29]
[210, 4.45, 0.37]
